123 584 271
123 584 306
123 584 273
123 584 487
123 584 293
123 584 291
123 584 517
244 584 283
244 584 295
244 584 307
244 584 329
244 584 338
244 584 380
244 584 394
244 584 354
244 584 435
244 584 569
244 584 482
244 584 494
244 584 574
104 584 271
104 584 276
104 584 344
104 584 388
104 584 390
104 584 339
104 584 503
104 584 427
104 584 514
104 584 540
104 584 510
104 584 491
104 584 521
104 584 551
132 584 274
132 584 276
132 584 334
132 584 326
132 584 303
132 584 440
132 584 377
132 584 466
132 584 477
132 584 493
132 584 520
132 584 476
132 584 511
132 584 487
132 584 526
132 584 566
132 584 555
132 584 501
132 584 561
132 584 557
132 584 542
131 584 276
131 584 375
131 584 306
131 584 392
131 584 279
131 584 273
131 584 428
131 584 554
131 584 367
131 584 537
118 584 283
118 584 270
118 584 292
118 584 320
118 584 284
118 584 349
118 584 263
118 584 439
118 584 473
118 584 523
150 584 416
150 584 388
150 584 320
150 584 443
150 584 422
150 584 346
150 584 442
150 584 503
150 584 313
150 584 498
150 584 487
150 584 551
150 584 538
79 584 276
79 584 290
79 584 348
79 584 350
79 584 370
79 584 395
79 584 336
79 584 438
79 584 422
79 584 301
79 584 468
79 584 490
79 584 280
79 584 286
79 584 372
79 584 282
79 584 312
79 584 496
79 584 485
79 584 313
79 584 259
79 584 507
79 584 513
79 584 291
79 584 528
79 584 343
79 584 449
79 584 566
196 584 324
196 584 309
196 584 328
196 584 304
196 584 317
196 584 488
196 584 445
156 584 261
156 584 255
156 584 264
156 584 416
156 584 436
156 584 456
156 584 465
69 584 253
69 584 283
69 584 380
69 584 574
69 584 415
69 584 257
75 584 283
75 584 295
75 584 307
75 584 315
75 584 308
75 584 303
75 584 341
75 584 330
75 584 292
75 584 254
75 584 270
75 584 287
75 584 338
75 584 321
75 584 304
75 584 306
75 584 348
75 584 279
75 584 320
75 584 345
75 584 319
75 584 252
75 584 574
75 584 277
75 584 263
75 584 299
75 584 390
75 584 365
75 584 265
75 584 443
75 584 349
75 584 377
75 584 438
75 584 457
75 584 456
75 584 554
75 584 439
75 584 301
75 584 280
75 584 282
75 584 503
75 584 312
75 584 477
75 584 429
75 584 472
75 584 285
75 584 506
75 584 305
75 584 389
75 584 480
75 584 494
75 584 498
186 584 276
186 584 303
186 584 341
186 584 281
186 584 319
186 584 278
186 584 362
186 584 320
186 584 371
186 584 424
186 584 346
211 584 288
211 584 304
211 584 556
211 584 292
211 584 321
211 584 482
211 584 400
241 584 261
241 584 302
241 584 327
241 584 375
241 584 440
229 584 271
229 584 338
229 584 306
229 584 318
146 584 290
146 584 261
146 584 324
146 584 270
146 584 288
146 584 283
146 584 322
146 584 330
146 584 326
146 584 303
146 584 294
146 584 287
146 584 292
146 584 254
146 584 556
146 584 306
146 584 348
146 584 320
146 584 279
146 584 331
146 584 360
146 584 263
146 584 376
146 584 395
146 584 438
146 584 401
146 584 457
146 584 465
146 584 490
146 584 448
146 584 325
146 584 439
146 584 282
146 584 499
146 584 413
146 584 480
146 584 483
146 584 285
146 584 494
146 584 305
146 584 402
146 584 520
146 584 509
146 584 259
146 584 530
146 584 500
146 584 515
146 584 541
146 584 469
146 584 539
146 584 546
146 584 534
146 584 550
146 584 291
146 584 547
146 584 343
146 584 425
146 584 538
146 584 517
146 584 562
146 584 505
146 584 537
209 584 253
209 584 436
209 584 302
209 584 365
209 584 333
209 584 337
209 584 521
2 584 259
2 584 526
2 584 540
2 584 408
2 584 361
2 584 374
2 584 557
61 584 569
61 584 440
61 584 504
61 584 496
61 584 498
61 584 534
208 584 422
208 584 478
208 584 285
208 584 361
81 584 302
81 584 375
81 584 364
81 584 331
81 584 388
81 584 574
81 584 416
81 584 452
81 584 340
81 584 332
81 584 483
81 584 525
81 584 293
81 584 521
246 584 270
246 584 303
246 584 334
246 584 328
246 584 272
84 584 376
84 584 393
84 584 396
84 584 454
84 584 499
84 584 289
84 584 501
84 584 561
18 584 297
18 584 320
18 584 468
18 584 312
18 584 523
18 584 546
18 584 562
130 584 315
130 584 295
130 584 330
130 584 341
130 584 375
130 584 392
130 584 331
130 584 440
72 584 344
72 584 304
72 584 273
72 584 501
72 584 343
12 584 336
12 584 451
12 584 458
12 584 569
12 584 305
12 584 546
12 584 550
12 584 531
12 584 547
12 584 256
12 584 425
12 584 519
12 584 501
134 584 424
134 584 390
134 584 317
134 584 453
134 584 347
205 584 573
205 584 288
205 584 264
205 584 404
205 584 438
205 584 456
205 584 317
205 584 486
205 584 257
239 584 300
239 584 330
239 584 388
239 584 462
239 584 365
239 584 423
239 584 411
239 584 367
239 584 494
239 584 259
239 584 566
239 584 546
239 584 540
239 584 505
145 584 300
145 584 324
145 584 260
145 584 410
145 584 296
40 584 294
40 584 309
40 584 316
40 584 295
40 584 574
40 584 344
40 584 341
198 584 334
198 584 385
198 584 364
198 584 335
200 584 573
200 584 267
200 584 268
200 584 327
200 584 341
200 584 254
200 584 556
200 584 281
200 584 567
200 584 273
200 584 574
200 584 354
200 584 376
200 584 336
200 584 490
200 584 554
200 584 342
200 584 372
200 584 569
200 584 312
200 584 499
200 584 478
200 584 408
200 584 519
46 584 300
46 584 375
46 584 340
46 584 567
46 584 359
46 584 476
46 584 544
82 584 297
55 584 383
55 584 433
55 584 479
55 584 503
55 584 476
55 584 509
55 584 335
55 584 293
55 584 553
55 584 343
36 584 437
36 584 545
73 584 267
73 584 290
73 584 322
73 584 302
73 584 295
73 584 315
73 584 309
73 584 432
73 584 447
73 584 366
73 584 389
73 584 305
73 584 470
73 584 487
73 584 552
73 584 526
73 584 256
73 584 527
192 584 573
192 584 288
192 584 350
192 584 354
192 584 263
192 584 435
192 584 443
192 584 456
192 584 468
192 584 473
192 584 554
192 584 325
192 584 282
192 584 280
192 584 496
192 584 494
192 584 520
192 584 313
192 584 335
192 584 541
192 584 258
192 584 513
192 584 291
192 584 256
192 584 257
152 584 290
152 584 334
152 584 309
152 584 321
152 584 391
152 584 340
152 584 394
152 584 495
247 584 326
247 584 254
247 584 394
247 584 318
247 584 378
247 584 433
247 584 401
247 584 375
247 584 429
247 584 366
247 584 377
247 584 448
247 584 444
247 584 437
247 584 402
247 584 460
247 584 532
247 584 542
247 584 545
143 584 329
143 584 556
143 584 255
143 584 385
143 584 252
143 584 477
143 584 296
66 584 303
66 584 428
66 584 262
66 584 563
141 584 303
141 584 315
141 584 283
141 584 330
141 584 324
141 584 388
141 584 507
141 584 449
17 584 572
17 584 409
17 584 417
17 584 444
17 584 574
165 584 573
165 584 290
165 584 381
165 584 369
163 584 385
163 584 416
163 584 393
163 584 423
163 584 514
106 584 394
106 584 277
106 584 319
106 584 397
106 584 278
106 584 370
106 584 320
106 584 279
106 584 554
106 584 442
106 584 527
80 584 297
80 584 306
80 584 272
80 584 348
80 584 255
80 584 340
80 584 277
23 584 261
23 584 405
23 584 252
23 584 409
23 584 466
23 584 333
23 584 476
23 584 475
113 584 327
113 584 329
113 584 304
113 584 272
113 584 391
113 584 255
113 584 331
113 584 412
113 584 382
113 584 310
113 584 459
113 584 426
113 584 450
113 584 454
113 584 339
113 584 484
113 584 458
113 584 464
63 584 326
63 584 567
63 584 340
63 584 345
63 584 332
63 584 360
63 584 500
63 584 551
63 584 293
212 584 297
212 584 421
212 584 462
212 584 282
212 584 439
90 584 556
90 584 370
90 584 424
90 584 299
90 584 280
90 584 477
90 584 543
90 584 261
90 584 372
27 584 297
27 584 349
27 584 313
27 584 480
27 584 259
27 584 517
206 584 294
206 584 380
206 584 350
206 584 366
206 584 269
206 584 543
147 584 267
147 584 391
147 584 348
147 584 264
147 584 310
147 584 323
147 584 432
147 584 409
147 584 421
147 584 262
147 584 441
147 584 305
147 584 507
184 584 429
184 584 262
184 584 451
184 584 472
184 584 442
184 584 502
184 584 501
184 584 553
77 584 308
77 584 461
77 584 378
77 584 563
224 584 400
224 584 422
224 584 466
224 584 503
224 584 479
224 584 444
224 584 402
224 584 488
224 584 508
224 584 516
224 584 526
224 584 491
224 584 446
224 584 407
224 584 266
224 584 256
224 584 551
224 584 527
224 584 505
28 584 432
28 584 406
28 584 265
28 584 378
28 584 462
28 584 362
28 584 430
28 584 466
28 584 463
28 584 506
28 584 470
28 584 335
28 584 571
28 584 275
28 584 491
28 584 543
28 584 266
28 584 502
28 584 521
28 584 552
28 584 257
28 584 505
28 584 475
28 584 561
148 584 370
148 584 394
148 584 450
148 584 485
4 584 316
4 584 422
4 584 457
4 584 367
4 584 312
4 584 494
4 584 541
4 584 258
4 584 534
4 584 531
4 584 256
4 584 528
4 584 517
207 584 373
207 584 572
207 584 403
207 584 501
83 584 404
83 584 339
83 584 419
83 584 524
135 584 322
135 584 344
135 584 338
135 584 273
135 584 431
135 584 490
135 584 275
135 584 543
135 584 574
181 584 348
181 584 431
181 584 439
181 584 367
181 584 372
181 584 503
181 584 305
181 584 542
37 584 318
37 584 440
37 584 420
37 584 358
37 584 441
37 584 529
37 584 357
218 584 365
218 584 511
218 584 445
218 584 314
218 584 526
160 584 268
160 584 254
160 584 328
160 584 348
160 584 397
51 584 405
51 584 395
51 584 455
51 584 450
51 584 411
51 584 301
51 584 506
51 584 497
51 584 480
158 584 412
158 584 299
158 584 479
158 584 473
158 584 381
158 584 374
158 584 345
155 584 325
155 584 282
155 584 442
155 584 313
155 584 286
155 584 498
155 584 257
155 584 505
167 584 253
167 584 391
167 584 397
167 584 388
167 584 461
167 584 423
167 584 468
167 584 372
167 584 503
47 584 300
47 584 421
47 584 443
47 584 427
47 584 571
89 584 302
89 584 327
89 584 307
89 584 348
89 584 554
89 584 280
89 584 497
89 584 530
89 584 513
109 584 373
109 584 363
109 584 414
109 584 382
109 584 323
109 584 379
109 584 449
109 584 402
109 584 514
109 584 441
109 584 489
24 584 393
24 584 323
24 584 352
24 584 351
24 584 454
25 584 354
25 584 336
25 584 457
25 584 346
25 584 554
25 584 451
25 584 325
25 584 569
25 584 335
25 584 511
25 584 494
25 584 408
25 584 513
25 584 534
25 584 538
25 584 531
25 584 562
25 584 533
25 584 557
195 584 479
195 584 269
225 584 337
225 584 272
225 584 416
225 584 399
225 584 438
225 584 418
225 584 293
19 584 274
19 584 431
19 584 477
19 584 514
19 584 540
101 584 426
101 584 418
101 584 490
101 584 463
101 584 451
101 584 493
101 584 522
101 584 526
101 584 368
172 584 392
172 584 356
172 584 419
172 584 263
172 584 406
172 584 325
172 584 519
172 584 564
189 584 403
189 584 406
189 584 397
189 584 400
189 584 456
189 584 457
189 584 455
189 584 458
189 584 569
189 584 256
189 584 527
189 584 533
226 584 370
226 584 572
226 584 406
226 584 351
226 584 352
149 584 432
149 584 468
149 584 258
149 584 561
233 584 453
233 584 386
233 584 450
233 584 470
233 584 411
233 584 523
233 584 528
233 584 515
233 584 314
233 584 298
233 584 285
233 584 408
233 584 368
233 584 369
233 584 508
180 584 518
180 584 527
3 584 356
3 584 461
3 584 440
3 584 422
3 584 438
3 584 474
116 584 572
116 584 424
116 584 356
116 584 432
116 584 419
116 584 433
116 584 435
116 584 465
116 584 472
116 584 402
116 584 445
116 584 476
116 584 515
116 584 293
116 584 544
116 584 549
116 584 561
100 584 323
100 584 393
100 584 366
100 584 426
100 584 430
100 584 448
100 584 469
49 584 381
49 584 355
49 584 486
49 584 492
22 584 436
22 584 432
22 584 363
22 584 412
190 584 474
190 584 463
190 584 468
190 584 499
190 584 478
190 584 296
190 584 516
157 584 450
157 584 506
157 584 451
157 584 492
157 584 339
157 584 387
157 584 458
157 584 427
157 584 485
157 584 536
157 584 305
216 584 406
216 584 252
216 584 509
216 584 495
216 584 539
216 584 516
216 584 407
16 584 358
16 584 444
16 584 503
16 584 510
16 584 536
175 584 455
175 584 458
175 584 359
175 584 489
175 584 335
175 584 512
175 584 343
230 584 424
230 584 435
230 584 360
230 584 299
230 584 263
85 584 262
85 584 422
85 584 457
85 584 379
85 584 339
85 584 413
85 584 476
85 584 314
85 584 498
85 584 293
85 584 547
85 584 552
85 584 553
162 584 452
162 584 483
162 584 525
162 584 516
162 584 402
103 584 572
103 584 404
103 584 263
103 584 299
103 584 440
103 584 482
103 584 461
98 584 378
98 584 413
20 584 573
20 584 377
20 584 339
20 584 389
20 584 524
20 584 551
50 584 435
50 584 554
50 584 325
50 584 367
50 584 484
50 584 477
38 584 428
38 584 572
38 584 376
38 584 358
38 584 285
97 584 354
97 584 319
97 584 299
97 584 473
97 584 472
97 584 555
78 584 567
78 584 410
78 584 418
78 584 476
78 584 571
245 584 400
245 584 325
245 584 312
245 584 541
245 584 505
164 584 398
164 584 299
164 584 429
164 584 252
164 584 468
164 584 437
164 584 358
164 584 522
164 584 526
171 584 310
171 584 390
171 584 554
171 584 490
171 584 482
171 584 464
171 584 471
171 584 518
171 584 536
171 584 512
202 584 435
202 584 457
202 584 346
202 584 518
202 584 291
94 584 404
94 584 311
94 584 262
94 584 522
7 584 279
7 584 278
7 584 395
7 584 284
228 584 434
228 584 393
228 584 486
228 584 442
228 584 524
96 584 567
96 584 405
96 584 409
96 584 410
96 584 400
33 584 342
33 584 451
33 584 313
33 584 372
33 584 495
74 584 465
74 584 372
74 584 504
74 584 547
151 584 268
151 584 287
151 584 392
151 584 391
151 584 399
151 584 356
235 584 462
235 584 355
235 584 448
235 584 437
235 584 444
235 584 476
235 584 402
235 584 479
235 584 511
235 584 508
235 584 516
235 584 469
235 584 314
235 584 518
235 584 529
235 584 533
235 584 563
6 584 529
88 584 463
88 584 379
88 584 358
88 584 445
88 584 293
115 584 287
115 584 554
115 584 367
115 584 335
115 584 502
115 584 256
115 584 257
232 584 343
232 584 368
232 584 505
191 584 374
191 584 360
191 584 432
191 584 379
191 584 479
191 584 566
191 584 524
191 584 526
191 584 555
191 584 553
191 584 343
191 584 560
191 584 533
191 584 557
92 584 353
92 584 424
92 584 410
92 584 409
92 584 319
92 584 554
210 584 326
210 584 254
210 584 348
210 584 252
236 584 320
236 584 278
236 584 279
236 584 554
236 584 410
91 584 381
91 584 434
91 584 468
91 584 387
91 584 476
91 584 275
91 584 566
91 584 555
128 584 414
128 584 310
128 584 323
128 584 417
128 584 421
240 584 431
240 584 397
240 584 516
240 584 332
48 584 340
48 584 397
48 584 412
48 584 311
48 584 277
48 584 363
48 584 265
217 584 381
217 584 414
217 584 299
217 584 434
217 584 422
217 584 540
217 584 524
217 584 544
1 584 371
1 584 554
1 584 455
1 584 282
1 584 286
121 584 371
121 584 572
121 584 383
121 584 428
121 584 384
121 584 360
124 584 381
124 584 434
124 584 355
124 584 376
124 584 448
124 584 312
124 584 367
124 584 286
124 584 402
124 584 511
124 584 480
124 584 513
124 584 561
125 584 398
125 584 383
125 584 448
125 584 296
125 584 514
125 584 524
176 584 284
176 584 420
176 584 541
176 584 546
176 584 550
215 584 401
215 584 426
215 584 440
215 584 451
215 584 289
215 584 296
215 584 471
215 584 411
215 584 488
215 584 493
215 584 523
215 584 298
215 584 335
215 584 446
215 584 512
215 584 553
54 584 383
54 584 384
54 584 356
54 584 382
54 584 448
54 584 419
54 584 318
201 584 414
201 584 462
201 584 461
201 584 393
201 584 355
201 584 400
201 584 454
201 584 448
201 584 466
248 584 572
248 584 462
248 584 402
248 584 508
248 584 275
15 584 354
15 584 353
15 584 400
15 584 429
15 584 377
15 584 472
15 584 473
15 584 486
15 584 444
15 584 525
15 584 535
15 584 361
119 584 403
119 584 402
119 584 396
119 584 262
119 584 497
174 584 381
174 584 418
174 584 379
174 584 358
174 584 359
197 584 373
197 584 496
197 584 420
197 584 379
197 584 396
197 584 359
197 584 535
250 584 384
250 584 363
250 584 396
250 584 296
250 584 467
86 584 405
86 584 386
86 584 421
86 584 409
86 584 566
62 584 360
62 584 452
62 584 333
62 584 387
62 584 488
62 584 511
62 584 521
227 584 318
227 584 374
227 584 362
227 584 486
227 584 535
227 584 275
111 584 371
111 584 301
111 584 492
111 584 563
111 584 560
193 584 383
193 584 323
193 584 311
193 584 426
193 584 339
117 584 388
117 584 428
117 584 355
117 584 418
117 584 440
117 584 420
117 584 359
117 584 484
117 584 448
59 584 278
59 584 277
59 584 279
59 584 424
59 584 342
59 584 441
44 584 334
44 584 295
44 584 294
44 584 260
44 584 309
44 584 341
44 584 287
44 584 328
44 584 338
44 584 556
44 584 391
44 584 392
44 584 373
44 584 278
44 584 252
44 584 310
44 584 424
44 584 403
44 584 376
44 584 409
44 584 467
44 584 499
44 584 358
44 584 359
44 584 289
44 584 483
44 584 444
44 584 441
44 584 445
44 584 488
44 584 493
44 584 469
44 584 512
44 584 491
44 584 425
44 584 519
213 584 254
213 584 556
213 584 374
213 584 263
29 584 274
29 584 254
29 584 287
29 584 385
29 584 373
29 584 340
29 584 426
29 584 386
29 584 451
29 584 427
29 584 478
102 584 350
102 584 574
102 584 398
102 584 399
102 584 353
102 584 252
102 584 443
102 584 444
102 584 374
102 584 361
102 584 513
102 584 293
35 584 349
35 584 574
35 584 415
35 584 482
35 584 475
249 584 406
249 584 424
249 584 432
249 584 415
249 584 421
249 584 390
249 584 400
249 584 366
249 584 377
249 584 386
249 584 342
249 584 449
249 584 420
249 584 396
249 584 450
249 584 458
249 584 359
249 584 444
249 584 464
249 584 389
249 584 530
249 584 487
249 584 571
249 584 491
249 584 502
249 584 368
249 584 560
249 584 558
170 584 260
170 584 348
170 584 385
170 584 436
170 584 264
170 584 345
170 584 278
170 584 459
170 584 323
170 584 421
170 584 387
170 584 350
170 584 311
56 584 326
56 584 260
56 584 329
56 584 385
56 584 375
56 584 392
56 584 405
56 584 409
56 584 379
122 584 573
122 584 569
122 584 524
122 584 543
231 584 334
231 584 447
231 584 399
231 584 373
231 584 440
231 584 379
231 584 265
231 584 483
126 584 391
126 584 344
126 584 348
126 584 362
114 584 268
114 584 385
114 584 347
114 584 492
114 584 387
53 584 253
53 584 270
53 584 294
53 584 345
53 584 284
53 584 349
53 584 429
53 584 395
53 584 301
53 584 480
53 584 541
53 584 258
107 584 300
107 584 270
107 584 288
107 584 315
107 584 308
107 584 334
107 584 316
107 584 292
107 584 380
107 584 310
107 584 417
107 584 518
107 584 551
107 584 574
185 584 374
185 584 347
185 584 367
185 584 510
185 584 446
185 584 512
185 584 521
142 584 322
142 584 316
142 584 327
142 584 328
142 584 292
142 584 304
142 584 337
142 584 348
142 584 380
142 584 391
142 584 364
142 584 345
142 584 331
142 584 390
142 584 461
142 584 506
142 584 514
142 584 495
142 584 516
142 584 527
142 584 562
188 584 268
188 584 322
188 584 344
188 584 375
188 584 392
188 584 397
188 584 265
188 584 460
199 584 556
199 584 319
199 584 320
199 584 279
199 584 511
65 584 274
65 584 271
65 584 278
65 584 439
31 584 271
31 584 462
31 584 564
70 584 281
70 584 392
70 584 461
70 584 262
70 584 493
70 584 258
70 584 491
243 584 391
243 584 318
243 584 394
243 584 416
243 584 419
243 584 433
243 584 387
26 584 300
26 584 547
26 584 553
26 584 544
26 584 549
26 584 559
136 584 556
136 584 397
136 584 264
136 584 398
136 584 435
136 584 427
136 584 289
136 584 543
136 584 357
222 584 435
222 584 352
222 584 417
222 584 402
222 584 511
222 584 425
58 584 281
58 584 391
58 584 350
58 584 384
58 584 431
58 584 426
58 584 569
58 584 458
58 584 387
58 584 464
58 584 485
58 584 469
58 584 541
58 584 550
52 584 399
52 584 373
52 584 384
52 584 404
52 584 382
52 584 412
52 584 360
52 584 414
144 584 310
144 584 279
144 584 572
144 584 311
144 584 410
144 584 430
144 584 363
144 584 262
144 584 569
168 584 271
168 584 267
168 584 495
168 584 362
9 584 376
204 584 370
204 584 333
204 584 471
204 584 483
204 584 464
204 584 441
204 584 469
139 584 294
139 584 260
139 584 287
139 584 348
139 584 416
139 584 436
139 584 455
41 584 373
41 584 404
41 584 356
41 584 412
41 584 560
41 584 545
177 584 385
177 584 324
177 584 255
177 584 354
177 584 363
177 584 364
177 584 415
177 584 473
177 584 463
177 584 299
177 584 443
177 584 459
177 584 266
161 584 412
161 584 311
161 584 323
161 584 447
161 584 467
161 584 463
223 584 500
223 584 515
223 584 508
223 584 516
223 584 535
223 584 446
30 584 319
30 584 277
30 584 386
30 584 471
30 584 269
30 584 510
71 584 349
71 584 284
71 584 496
71 584 472
71 584 494
220 584 383
220 584 356
220 584 381
220 584 434
220 584 447
220 584 400
220 584 452
220 584 342
220 584 453
220 584 504
34 584 473
34 584 472
34 584 282
34 584 501
34 584 429
68 584 379
68 584 471
68 584 444
68 584 476
68 584 539
68 584 527
68 584 558
99 584 371
99 584 384
99 584 412
99 584 396
99 584 358
99 584 504
99 584 464
219 584 399
219 584 424
219 584 252
219 584 265
219 584 433
219 584 435
219 584 317
219 584 355
219 584 453
219 584 514
219 584 489
5 584 370
5 584 371
5 584 358
5 584 483
5 584 514
5 584 499
5 584 489
5 584 527
242 584 459
242 584 339
242 584 538
242 584 501
194 584 435
194 584 387
194 584 474
194 584 506
194 584 444
194 584 488
194 584 408
194 584 539
194 584 522
194 584 518
194 584 275
194 584 293
194 584 526
194 584 446
194 584 548
194 584 361
194 584 266
194 584 562
194 584 368
194 584 545
194 584 558
194 584 357
234 584 453
234 584 386
234 584 450
234 584 470
234 584 411
234 584 523
234 584 528
234 584 515
234 584 314
234 584 298
234 584 285
234 584 408
234 584 368
234 584 369
234 584 508
169 584 397
169 584 572
169 584 356
169 584 383
169 584 363
169 584 419
173 584 371
173 584 394
173 584 388
173 584 363
173 584 370
173 584 459
173 584 467
173 584 340
173 584 499
173 584 366
173 584 484
173 584 464
173 584 483
173 584 445
173 584 496
173 584 296
173 584 512
173 584 507
173 584 368
179 584 271
179 584 267
179 584 404
179 584 409
179 584 366
179 584 418
179 584 252
179 584 342
179 584 263
153 584 556
153 584 265
153 584 554
153 584 449
153 584 471
153 584 372
153 584 491
42 584 334
42 584 295
42 584 330
42 584 308
42 584 331
42 584 399
42 584 572
42 584 428
42 584 355
42 584 376
42 584 430
42 584 396
42 584 454
42 584 420
42 584 440
42 584 402
42 584 489
42 584 474
133 584 380
133 584 385
133 584 263
133 584 429
133 584 542
0 584 415
0 584 323
0 584 390
0 584 423
0 584 339
0 584 465
0 584 515
0 584 445
0 584 536
32 584 443
32 584 484
32 584 387
32 584 452
32 584 525
32 584 478
32 584 494
32 584 369
32 584 500
32 584 530
32 584 535
32 584 266
32 584 521
32 584 357
76 584 519
76 584 542
178 584 360
178 584 414
178 584 424
178 584 417
178 584 499
178 584 379
178 584 445
178 584 566
64 584 254
64 584 436
64 584 370
64 584 419
64 584 414
64 584 406
64 584 429
64 584 363
64 584 478
64 584 408
64 584 314
64 584 551
64 584 548
13 584 295
13 584 574
13 584 569
13 584 470
13 584 512
166 584 322
166 584 307
166 584 288
166 584 277
166 584 319
166 584 279
166 584 278
166 584 435
166 584 263
166 584 386
166 584 429
166 584 472
166 584 286
166 584 305
166 584 531
14 584 415
14 584 440
14 584 437
14 584 493
14 584 532
14 584 542
251 584 431
251 584 463
251 584 506
251 584 499
251 584 483
251 584 458
251 584 551
251 584 413
251 584 537
39 584 383
39 584 436
39 584 353
39 584 398
39 584 393
39 584 403
39 584 396
39 584 435
39 584 347
39 584 455
39 584 450
39 584 458
39 584 280
39 584 506
39 584 499
39 584 358
39 584 485
39 584 497
39 584 504
39 584 402
39 584 520
39 584 259
39 584 266
39 584 529
214 584 462
214 584 336
214 584 422
214 584 347
214 584 511
214 584 446
214 584 521
214 584 538
214 584 501
93 584 421
93 584 461
93 584 504
93 584 509
93 584 269
11 584 490
11 584 298
11 584 552
11 584 512
11 584 574
11 584 519
11 584 533
11 584 537
95 584 269
95 584 500
95 584 369
95 584 535
95 584 259
95 584 275
95 584 361
95 584 357
10 584 252
10 584 352
10 584 351
10 584 277
10 584 494
10 584 523
10 584 498
10 584 335
10 584 566
10 584 513
10 584 425
10 584 548
221 584 382
221 584 351
221 584 352
221 584 499
221 584 296
221 584 458
221 584 523
203 584 420
203 584 396
203 584 499
203 584 437
203 584 504
203 584 464
203 584 506
203 584 445
203 584 489
203 584 469
138 584 401
138 584 474
138 584 427
138 584 492
138 584 425
21 584 270
21 584 394
21 584 349
21 584 465
21 584 301
21 584 492
8 584 435
8 584 262
8 584 346
8 584 465
8 584 490
8 584 347
8 584 282
8 584 503
8 584 492
8 584 289
8 584 359
8 584 496
8 584 372
8 584 298
8 584 305
8 584 541
8 584 546
8 584 550
8 584 534
137 584 416
137 584 506
137 584 493
137 584 507
137 584 532
129 584 307
129 584 294
129 584 422
129 584 418
129 584 346
129 584 282
129 584 262
129 584 497
129 584 509
129 584 541
129 584 513
129 584 291
183 584 253
183 584 281
183 584 341
183 584 337
183 584 272
183 584 378
154 584 354
154 584 360
154 584 422
154 584 490
154 584 503
154 584 476
154 584 484
154 584 516
154 584 566
154 584 480
154 584 495
154 584 470
154 584 256
154 584 551
154 584 529
154 584 542
112 584 419
112 584 436
112 584 401
112 584 362
112 584 393
112 584 379
112 584 451
112 584 339
112 584 448
112 584 355
112 584 507
112 584 512
112 584 343
112 584 501
112 584 533
237 584 468
237 584 358
237 584 359
237 584 444
237 584 483
237 584 464
237 584 516
237 584 469
237 584 512
237 584 407
237 584 536
237 584 549
67 584 303
67 584 428
67 584 262
67 584 563
105 584 554
105 584 468
105 584 471
105 584 520
105 584 492
105 584 510
159 584 384
159 584 397
159 584 436
159 584 299
159 584 382
159 584 412
159 584 459
159 584 401
159 584 323
159 584 467
159 584 434
159 584 447
159 584 421
159 584 506
159 584 396
159 584 450
159 584 339
159 584 504
159 584 444
159 584 351
159 584 352
159 584 377
159 584 483
159 584 359
60 584 430
60 584 339
60 584 500
187 584 329
187 584 321
187 584 327
187 584 364
187 584 255
187 584 397
187 584 345
187 584 574
187 584 431
187 584 376
182 584 421
182 584 448
182 584 359
182 584 484
182 584 548
110 584 340
110 584 382
110 584 572
110 584 436
110 584 506
110 584 504
110 584 464
110 584 493
110 584 476
110 584 470
110 584 515
110 584 516
110 584 548
87 584 428
87 584 284
87 584 263
87 584 429
87 584 490
87 584 262
87 584 438
87 584 451
87 584 472
43 584 548
43 584 407
43 584 460
127 584 404
127 584 572
127 584 436
127 584 332
127 584 393
127 584 509
127 584 488
127 584 515
127 584 469
127 584 540
127 584 522
127 584 460
127 584 529
120 584 333
120 584 492
120 584 476
120 584 314
120 584 555
45 584 329
45 584 397
45 584 373
45 584 430
45 584 332
45 584 252
238 584 332
238 584 382
238 584 440
238 584 317
238 584 420
238 584 525
238 584 529
57 584 319
57 584 311
57 584 386
57 584 423
57 584 429
57 584 381
57 584 277
57 584 436
57 584 467
57 584 454
57 584 451
57 584 445
57 584 413
108 584 300
108 584 270
108 584 288
108 584 315
108 584 308
108 584 334
108 584 316
108 584 292
108 584 380
140 584 274
140 584 309
140 584 321
140 584 375
140 584 365
583 586 576
579 586 576
580 586 579
577 586 579
581 586 580
585 586 580
582 586 581
578 586 581
503 586 578
409 586 578
326 586 585
550 586 578
477 586 577
423 586 582
566 586 577
485 586 582
540 586 585
436 586 582
295 586 578
273 586 585
522 586 577
398 586 583
342 586 578
484 586 582
413 586 578
338 586 578
429 586 582
310 586 582
411 586 582
266 586 578
483 586 583
400 586 585
460 586 578
284 586 582
283 586 578
479 586 578
489 586 583
306 586 578
316 586 578
560 586 585
524 586 577
269 586 582
393 586 583
390 586 585
356 586 583
509 586 582
512 586 583
452 586 577
286 586 582
415 586 578
361 586 577
363 586 582
567 586 578
353 586 577
333 586 578
430 586 577
412 586 577
272 586 582
481 586 578
557 586 582
420 586 583
332 586 577
395 586 582
492 586 582
507 586 582
571 586 582
570 586 582
349 586 582
547 586 582
384 586 583
320 586 582
538 586 578
487 586 577
528 586 578
575 586 582
422 586 578
319 586 582
521 586 585
440 586 583
303 586 585
425 586 578
341 586 578
476 586 578
262 586 578
280 586 582
357 586 577
309 586 577
433 586 577
274 586 582
527 586 585
480 586 582
437 586 582
292 586 582
377 586 585
414 586 577
561 586 578
322 586 578
469 586 583
482 586 577
458 586 582
516 586 583
278 586 582
293 586 585
555 586 577
305 586 578
432 586 577
337 586 583
525 586 577
514 586 577
271 586 583
454 586 583
518 586 582
490 586 578
287 586 582
252 586 578
265 586 578
574 586 578
418 586 578
451 586 578
554 586 578
504 586 582
304 586 577
513 586 578
416 586 585
298 586 582
308 586 582
533 586 582
488 586 583
372 586 578
394 586 577
553 586 582
470 586 585
502 586 578
427 586 582
446 586 583
426 586 577
299 586 585
573 586 585
253 586 578
559 586 583
314 586 577
392 586 578
334 586 577
493 586 578
264 586 585
328 586 585
486 586 577
381 586 582
352 586 585
378 586 577
417 586 578
565 586 577
421 586 578
535 586 577
368 586 577
297 586 578
523 586 582
291 586 578
435 586 578
471 586 582
549 586 583
364 586 582
568 586 582
276 586 585
366 586 578
376 586 583
551 586 585
569 586 578
373 586 583
462 586 578
424 586 582
556 586 582
449 586 578
530 586 578
444 586 583
396 586 583
531 586 578
362 586 578
456 586 578
448 586 583
323 586 577
473 586 578
296 586 582
510 586 578
526 586 577
340 586 577
498 586 582
534 586 578
383 586 583
358 586 583
294 586 578
330 586 578
445 586 583
552 586 578
501 586 578
558 586 582
562 586 582
544 586 585
541 586 578
441 586 583
491 586 578
563 586 582
277 586 582
465 586 578
500 586 577
508 586 583
543 586 582
254 586 578
387 586 577
315 586 578
325 586 578
475 586 578
270 586 582
564 586 578
346 586 578
545 586 585
301 586 582
434 586 577
457 586 578
311 586 577
260 586 578
386 586 578
324 586 582
391 586 577
463 586 577
268 586 577
255 586 582
336 586 582
402 586 583
428 586 583
259 586 582
405 586 578
335 586 582
313 586 582
536 586 577
464 586 583
347 586 582
442 586 582
408 586 577
517 586 582
450 586 582
542 586 578
256 586 578
281 586 585
317 586 583
472 586 582
529 586 583
511 586 578
499 586 583
369 586 577
548 586 583
288 586 582
431 586 582
261 586 578
339 586 577
367 586 578
355 586 583
345 586 582
439 586 578
388 586 582
443 586 578
267 586 582
275 586 585
375 586 578
520 586 578
403 586 585
348 586 578
327 586 578
359 586 583
354 586 582
258 586 578
401 586 583
447 586 577
519 586 578
572 586 583
285 586 582
351 586 585
329 586 577
537 586 582
382 586 577
478 586 577
399 586 583
290 586 582
438 586 578
331 586 577
350 586 578
496 586 582
321 586 583
302 586 582
300 586 578
461 586 582
532 586 585
365 586 578
312 586 578
497 586 582
467 586 577
474 586 582
360 586 583
389 586 585
515 586 582
404 586 585
505 586 578
494 586 582
419 586 583
374 586 582
506 586 582
407 586 583
380 586 578
453 586 582
397 586 582
546 586 582
282 586 578
344 586 578
455 586 578
318 586 583
279 586 578
410 586 578
343 586 582
307 586 578
406 586 578
379 586 583
466 586 578
539 586 583
257 586 578
370 586 582
289 586 578
495 586 585
468 586 582
371 586 582
263 586 578
459 586 582
385 586 582
