123 271 273 291 293 306 487 517
244 283 295 307 329 338 354 380 394 435 482 494 569 574
104 271 276 339 344 388 390 427 491 503 510 514 521 540 551
132 274 276 303 326 334 377 440 466 476 477 487 493 501 511 520 526 542 555 557 561 566
131 273 276 279 306 367 375 392 428 537 554
118 263 270 283 284 292 320 349 439 473 523
150 313 320 346 388 416 422 442 443 487 498 503 538 551
79 259 276 280 282 286 290 291 301 312 313 336 343 348 350 370 372 395 422 438 449 468 485 490 496 507 513 528 566
196 304 309 317 324 328 445 488
156 255 261 264 416 436 456 465
69 253 257 283 380 415 574
75 252 254 263 265 270 277 279 280 282 283 285 287 292 295 299 301 303 304 305 306 307 308 312 315 319 320 321 330 338 341 345 348 349 365 377 389 390 429 438 439 443 456 457 472 477 480 494 498 503 506 554 574
186 276 278 281 303 319 320 341 346 362 371 424
211 288 292 304 321 400 482 556
241 261 302 327 375 440
229 271 306 318 338
146 254 259 261 263 270 279 282 283 285 287 288 290 291 292 294 303 305 306 320 322 324 325 326 330 331 343 348 360 376 395 401 402 413 425 438 439 448 457 465 469 480 483 490 494 499 500 505 509 515 517 520 530 534 537 538 539 541 546 547 550 556 562
209 253 302 333 337 365 436 521
2 259 361 374 408 526 540 557
61 440 496 498 504 534 569
208 285 361 422 478
81 293 302 331 332 340 364 375 388 416 452 483 521 525 574
246 270 272 303 328 334
84 289 376 393 396 454 499 501 561
18 297 312 320 468 523 546 562
130 295 315 330 331 341 375 392 440
72 273 304 343 344 501
12 256 305 336 425 451 458 501 519 531 546 547 550 569
134 317 347 390 424 453
205 257 264 288 317 404 438 456 486 573
239 259 300 330 365 367 388 411 423 462 494 505 540 546 566
145 260 296 300 324 410
40 294 295 309 316 341 344 574
198 334 335 364 385
200 254 267 268 273 281 312 327 336 341 342 354 372 376 408 478 490 499 519 554 556 567 569 573 574
46 300 340 359 375 476 544 567
82 297
55 293 335 343 383 433 476 479 503 509 553
36 437 545
73 256 267 290 295 302 305 309 315 322 366 389 432 447 470 487 526 527 552
192 256 257 258 263 280 282 288 291 313 325 335 350 354 435 443 456 468 473 494 496 513 520 541 554 573
152 290 309 321 334 340 391 394 495
247 254 318 326 366 375 377 378 394 401 402 429 433 437 444 448 460 532 542 545
143 252 255 296 329 385 477 556
66 262 303 428 563
141 283 303 315 324 330 388 449 507
17 409 417 444 572 574
165 290 369 381 573
163 385 393 416 423 514
106 277 278 279 319 320 370 394 397 442 527 554
80 255 272 277 297 306 340 348
23 252 261 333 405 409 466 475 476
113 255 272 304 310 327 329 331 339 382 391 412 426 450 454 458 459 464 484
63 293 326 332 340 345 360 500 551 567
212 282 297 421 439 462
90 261 280 299 370 372 424 477 543 556
27 259 297 313 349 480 517
206 269 294 350 366 380 543
147 262 264 267 305 310 323 348 391 409 421 432 441 507
184 262 429 442 451 472 501 502 553
77 308 378 461 563
224 256 266 400 402 407 422 444 446 466 479 488 491 503 505 508 516 526 527 551
28 257 265 266 275 335 362 378 406 430 432 462 463 466 470 475 491 502 505 506 521 543 552 561 571
148 370 394 450 485
4 256 258 312 316 367 422 457 494 517 528 531 534 541
207 373 403 501 572
83 339 404 419 524
135 273 275 322 338 344 431 490 543 574
181 305 348 367 372 431 439 503 542
37 318 357 358 420 440 441 529
218 314 365 445 511 526
160 254 268 328 348 397
51 301 395 405 411 450 455 480 497 506
158 299 345 374 381 412 473 479
155 257 282 286 313 325 442 498 505
167 253 372 388 391 397 423 461 468 503
47 300 421 427 443 571
89 280 302 307 327 348 497 513 530 554
109 323 363 373 379 382 402 414 441 449 489 514
24 323 351 352 393 454
25 325 335 336 346 354 408 451 457 494 511 513 531 533 534 538 554 557 562 569
195 269 479
225 272 293 337 399 416 418 438
19 274 431 477 514 540
101 368 418 426 451 463 490 493 522 526
172 263 325 356 392 406 419 519 564
189 256 397 400 403 406 455 456 457 458 527 533 569
226 351 352 370 406 572
149 258 432 468 561
233 285 298 314 368 369 386 408 411 450 453 470 508 515 523 528
180 518 527
3 356 422 438 440 461 474
116 293 356 402 419 424 432 433 435 445 465 472 476 515 544 549 561 572
100 323 366 393 426 430 448 469
49 355 381 486 492
22 363 412 432 436
190 296 463 468 474 478 499 516
157 305 339 387 427 450 451 458 485 492 506 536
216 252 406 407 495 509 516 539
16 358 444 503 510 536
175 335 343 359 455 458 489 512
230 263 299 360 424 435
85 262 293 314 339 379 413 422 457 476 498 547 552 553
162 402 452 483 516 525
103 263 299 404 440 461 482 572
98 378 413
20 339 377 389 524 551 573
50 325 367 435 477 484 554
38 285 358 376 428 572
97 299 319 354 472 473 555
78 410 418 476 567 571
245 312 325 400 505 541
164 252 299 358 398 429 437 468 522 526
171 310 390 464 471 482 490 512 518 536 554
202 291 346 435 457 518
94 262 311 404 522
7 278 279 284 395
228 393 434 442 486 524
96 400 405 409 410 567
33 313 342 372 451 495
74 372 465 504 547
151 268 287 356 391 392 399
235 314 355 402 437 444 448 462 469 476 479 508 511 516 518 529 533 563
6 529
88 293 358 379 445 463
115 256 257 287 335 367 502 554
232 343 368 505
191 343 360 374 379 432 479 524 526 533 553 555 557 560 566
92 319 353 409 410 424 554
210 252 254 326 348
236 278 279 320 410 554
91 275 381 387 434 468 476 555 566
128 310 323 414 417 421
240 332 397 431 516
48 265 277 311 340 363 397 412
217 299 381 414 422 434 524 540 544
1 282 286 371 455 554
121 360 371 383 384 428 572
124 286 312 355 367 376 381 402 434 448 480 511 513 561
125 296 383 398 448 514 524
176 284 420 541 546 550
215 289 296 298 335 401 411 426 440 446 451 471 488 493 512 523 553
54 318 356 382 383 384 419 448
201 355 393 400 414 448 454 461 462 466
248 275 402 462 508 572
15 353 354 361 377 400 429 444 472 473 486 525 535
119 262 396 402 403 497
174 358 359 379 381 418
197 359 373 379 396 420 496 535
250 296 363 384 396 467
86 386 405 409 421 566
62 333 360 387 452 488 511 521
227 275 318 362 374 486 535
111 301 371 492 560 563
193 311 323 339 383 426
117 355 359 388 418 420 428 440 448 484
59 277 278 279 342 424 441
44 252 260 278 287 289 294 295 309 310 328 334 338 341 358 359 373 376 391 392 403 409 424 425 441 444 445 467 469 483 488 491 493 499 512 519 556
213 254 263 374 556
29 254 274 287 340 373 385 386 426 427 451 478
102 252 293 350 353 361 374 398 399 443 444 513 574
35 349 415 475 482 574
249 342 359 366 368 377 386 389 390 396 400 406 415 420 421 424 432 444 449 450 458 464 487 491 502 530 558 560 571
170 260 264 278 311 323 345 348 350 385 387 421 436 459
56 260 326 329 375 379 385 392 405 409
122 524 543 569 573
231 265 334 373 379 399 440 447 483
126 344 348 362 391
114 268 347 385 387 492
53 253 258 270 284 294 301 345 349 395 429 480 541
107 270 288 292 300 308 310 315 316 334 380 417 518 551 574
185 347 367 374 446 510 512 521
142 292 304 316 322 327 328 331 337 345 348 364 380 390 391 461 495 506 514 516 527 562
188 265 268 322 344 375 392 397 460
199 279 319 320 511 556
65 271 274 278 439
31 271 462 564
70 258 262 281 392 461 491 493
243 318 387 391 394 416 419 433
26 300 544 547 549 553 559
136 264 289 357 397 398 427 435 543 556
222 352 402 417 425 435 511
58 281 350 384 387 391 426 431 458 464 469 485 541 550 569
52 360 373 382 384 399 404 412 414
144 262 279 310 311 363 410 430 569 572
168 267 271 362 495
9 376
204 333 370 441 464 469 471 483
139 260 287 294 348 416 436 455
41 356 373 404 412 545 560
177 255 266 299 324 354 363 364 385 415 443 459 463 473
161 311 323 412 447 463 467
223 446 500 508 515 516 535
30 269 277 319 386 471 510
71 284 349 472 494 496
220 342 356 381 383 400 434 447 452 453 504
34 282 429 472 473 501
68 379 444 471 476 527 539 558
99 358 371 384 396 412 464 504
219 252 265 317 355 399 424 433 435 453 489 514
5 358 370 371 483 489 499 514 527
242 339 459 501 538
194 266 275 293 357 361 368 387 408 435 444 446 474 488 506 518 522 526 539 545 548 558 562
234 285 298 314 368 369 386 408 411 450 453 470 508 515 523 528
169 356 363 383 397 419 572
173 296 340 363 366 368 370 371 388 394 445 459 464 467 483 484 496 499 507 512
179 252 263 267 271 342 366 404 409 418
153 265 372 449 471 491 554 556
42 295 308 330 331 334 355 376 396 399 402 420 428 430 440 454 474 489 572
133 263 380 385 429 542
0 323 339 390 415 423 445 465 515 536
32 266 357 369 387 443 452 478 484 494 500 521 525 530 535
76 519 542
178 360 379 414 417 424 445 499 566
64 254 314 363 370 406 408 414 419 429 436 478 548 551
13 295 470 512 569 574
166 263 277 278 279 286 288 305 307 319 322 386 429 435 472 531
14 415 437 440 493 532 542
251 413 431 458 463 483 499 506 537 551
39 259 266 280 347 353 358 383 393 396 398 402 403 435 436 450 455 458 485 497 499 504 506 520 529
214 336 347 422 446 462 501 511 521 538
93 269 421 461 504 509
11 298 490 512 519 533 537 552 574
95 259 269 275 357 361 369 500 535
10 252 277 335 351 352 425 494 498 513 523 548 566
221 296 351 352 382 458 499 523
203 396 420 437 445 464 469 489 499 504 506
138 401 425 427 474 492
21 270 301 349 394 465 492
8 262 282 289 298 305 346 347 359 372 435 465 490 492 496 503 534 541 546 550
137 416 493 506 507 532
129 262 282 291 294 307 346 418 422 497 509 513 541
183 253 272 281 337 341 378
154 256 354 360 422 470 476 480 484 490 495 503 516 529 542 551 566
112 339 343 355 362 379 393 401 419 436 448 451 501 507 512 533
237 358 359 407 444 464 468 469 483 512 516 536 549
67 262 303 428 563
105 468 471 492 510 520 554
159 299 323 339 351 352 359 377 382 384 396 397 401 412 421 434 436 444 447 450 459 467 483 504 506
60 339 430 500
187 255 321 327 329 345 364 376 397 431 574
182 359 421 448 484 548
110 340 382 436 464 470 476 493 504 506 515 516 548 572
87 262 263 284 428 429 438 451 472 490
43 407 460 548
127 332 393 404 436 460 469 488 509 515 522 529 540 572
120 314 333 476 492 555
45 252 329 332 373 397 430
238 317 332 382 420 440 525 529
57 277 311 319 381 386 413 423 429 436 445 451 454 467
108 270 288 292 300 308 315 316 334 380
140 274 309 321 365 375
