0 276 289 314 338 371 436 507
1 275 282 288 349 357 372 377 460 486 488 495 508 509
2 267 293 318 343 374 407 448 451 507 510 511 512 513 514
3 269 271 272 304 314 319 320 323 327 331 332 339 364 365 374 392 402 438 443 455 497
4 276 289 350 363 374 467 493 515 516 517
5 288 309 312 330 390 417 450 505 518 519
6 267 312 313 314 316 394 432 451 452 514 520 521 522
7 272 273 296 306 307 315 316 324 345 353 356 371 374 382 419 428 430 432 457 470 471 473 474 478 491 494 500 503
8 326 352 355 366 400 424 523
9 274 387 409 447 520 524 525
10 288 297 349 488 499 526
11 267 271 275 282 283 288 289 293 309 312 317 320 322 324 329 330 331 340 346 347 348 349 350 352 354 361 387 394 399 408 412 414 417 419 421 441 449 450 452 457 465 471 475 477 478 483 486 487 491 493 495 505
12 312 317 320 322 337 374 380 386 440 504 521
13 287 330 352 381 446 475 509
14 319 447 458 515 527
15 282 289 507 528
16 269 270 281 286 288 289 294 306 310 312 313 320 321 329 330 333 334 340 345 346 371 376 381 383 388 395 398 399 404 405 409 410 412 415 417 421 424 429 430 436 444 446 447 450 455 457 462 465 467 470 471 472 482 484 485 486 490 491 493 494 498 505
17 274 318 342 477 526 527 529
18 298 304 392 430 435 512 530
19 319 351 377 394 395 474
20 298 316 465 469
21 286 318 338 349 373 393 451 472 515 520 527 531 532 533
22 320 364 366 417 534
23 292 332 376 385 402 444 501 535
24 312 404 478 490 503 519 536
25 275 319 322 363 399 414 472 515
26 276 352 402 494 510
27 270 310 321 335 340 377 402 428 439 464 490 537 538
28 293 380 434 523 539
29 362 387 446 471 499 523 525 540 541
30 272 379 399 430 451 477 485 486 490 512 517 542 543 544
31 391 422 424 542 545
32 275 290 322 326 349 398 510
33 364 373 431 546
34 276 279 300 322 345 349 350 356 362 376 377 381 412 427 428 435 440 444 453 458 460 464 469 478
35 300 323 393 459 515 542 547
36 536
37 267 294 323 338 396 431 494 548 549 550
38 418 551
39 275 314 326 328 333 340 341 358 375 392 401 414 439 453 463 470 483 527
40 324 350 353 362 371 372 387 390 405 415 431 432 439 446 452 455 460 461 473 474 486 491 499 503 505
41 326 357 364 393 425 470 475 502
42 269 283 331 357 368 375 384 388 412 418 429 438 462 515 528 548 551 552 553
43 271 347 381 391 508 524 546
44 320 516 554 555
45 288 307 320 382 399 414 424 451
46 268 349 384 556 557
47 362 470 558 559
48 292 343 520 543 546
49 312 317 328 337 350 357 408 489 493 500 522
50 289 393 408 457 524 534 536
51 268 323 347 416 447 497 529 560
52 280 284 303 335 352 425 433 437 448 458 468 472 506 508 524 534 535 561
53 269 300 338 393 410 449 482 514 532
54 369 379 450 491 536
55 271 324 356 361 380 381 411 447 500
56 309 329 430 432 436 536
57 375 398 411 473 488 562
58 268 284 307 340 341 369 389 406 425 453 457 525 554
59 283 359 402 441 522 537 550 554
60 354 368 476 555
61 267 285 287 316 328 336 355 360 384 392 407 429 439 485 497 514 549 563 564
62 285 302 308 318 332 341 348 358 359 368 379 386 401 407 411 416 426 431 454 485 487 496 497 499
63 273 357 437 500
64 290 315 316 395 405 421 436 439 461 478 486 517 538
65 378 402 456 556
66 448 540 565 566
67 276 282 333 345 349 411 454 510 567
68 267 340 356 438 450 457 517 567
69 305 319 325 397 406 442 528
70 392 400 443 477 568
71 366 412 427 457 489
72 306 329 419 437 479 487 492 544 560
73 303 361 390 449 530 549 558
74 296 394 415 432 485 491 499 522
75 267 356 425 451 476 489 503 526 543
76 308 369 452 511 542
77 324 350 353 383 457 458 479 495 527
78 299 343 378 382 389 406 429 468 569 570 571
79 292 367 389 466 535
80 304 313 350 353 377 395 404 415 421 428 431 435 443 460 486 521 537 538 572
81 549 562
82 338 342 471 520 534 573 574
83 271 327 343 512 567
84 277 345 365 370 392 426 537 561 574
85 363 415 464 496 505 565 575 576
86 287 328 335 377 387 421 439 456 489 492 496 572
87 367 466 496 500 556
88 332 341 461 503
89 315 358 370 423 435 437 465 484 519 539 544 559 563 568 577
90 328 344
91 316 319 471 476 481 575
92 323 332 338 341 372 380 400 409 429 441 484 547 548 556 565 575 578
93 292 302 334 375 388 389 561
94 541 558 579 580
95 274 299 303 341
96 336 391 426 444 469 481 503
97 273 335 340 413 437 448 487 511 537 580 581
98 294 336 347 496 498 502 564
99 267 384 397 513 581
100 295 335 431 459 492 494 571
101 361 372 380 482 505
102 281 310 316 323 338 394 401 421 448 550 554 568 570
103 286 336 429 531 533
104 319 361 476 505 509 540 556
105 281 368
106 331 362 448 483 514 566
107 271 280 350 372 415 517
108 376 397 465 516 556
109 317 339 361 390 441 460
110 300 308 323 545 574
111 287 405 415 478 485
112 277 278 283 347 361 392 397 503 551
113 284 293 295 344 345 350 433 509 581 582
114 344 371 372 421 521
115 277 540 554 583
116 306 337 493 518
117 292 420 522 541 566
118 268 287 300 545 560
119 279 356 432 502 537
120 310 351 356 409
121 346 363 425 427 573 575
122 323 334 336 344 379 384 388 429 442 443 549 551 555 563 568 572 579
123 442
124 338 397 400 426 570
125 346 350 359 431 439 499 517
126 370 485 494
127 272 291 304 339 341 392 482 494 530 549 550 566 570 572
128 268 301 317 350 380 545
129 269 347 412 457
130 312 337 350 493 545
131 272 323 339 413 420 454 503 558
132 284 369 389 557 569
133 336 489 532 567
134 299 303 348 393 408 489 583
135 316 361 420 512 547 558 566 569
136 296 350 491 492 504
137 311 396 482 504 516 556
138 296 329 332 353 376 388 420 429 443 478 517 558 579
139 278 343 388 391 396 566
140 270 305 405 490 518
141 295 319 355 360 365 391 431 462 501 519 537 544 550 561 577 582
142 311 388 396 468 528 565 575
143 287 292 379 388 476 497 535 569 579
144 379 429 454 556 563
145 283 287 298 301 331 384 390 441 460 533 541 584
146 385 429 456 479 554
147 397 459 558 570 574
148 305 378 385 459 474 570 584
149 299 311 385 391 480
150 268 272 369 423 560
151 318 355 413 443 482 529 531
152 386 454 528 530 541 584
153 291 419 504 555 580
154 389 396 448 561 583
155 280 305 319 388 451 459 516 574 579
156 279 337 380 406 408 493
157 268 275 282 284 286 295 321 322 326 334 337 346 347 355 363 364 365 366 376 378 380 381 384 397 398 400 406 407 422 425 444 456 459 464 480 501
158 381 412 505 530
159 327 346 378 393 412 423 469 511 537 546 561
160 278 298 301 338 347 349 353 384 452 473 530 573
161 297 309 349 416 509
162 279 287 291 293 297 305 308 314 331 335 341 359 369 370 375 380 382 383 384 385 403 407 423 433 437 459 483 496
163 274 337 369 389 413 422 449 457 473 506 525 546 583
164 268 269 363 422 508 515 546 560 570
165 362 377 411 566
166 286 319 348 364 378 463 570 573
167 386 425 457 510
168 413 427 434 546 580
169 283 306 309 329 398 405 417 419 449 461 518 526
170 284 290 330 344 349 354 364 414 417 446 488 514 542 557
171 295 318 360 434 513 517 530
172 290 293 328 330 333 336 342 343 352 366 373 404 425 449 457 458 472 476 487 488 502
173 333 348 363 427 489 510 515 552
174 312 317 381 443 493
175 327 337 450 507
176 379 507 576
177 363 365 407 440 461 476 554
178 357 413 425 520 528 548 565
179 310 542 547 550 578 585
180 278 325 372 381 411 489 501 511 525
181 321 367 372 429 443 557
182 270 273 311 334 335 377 405 413 425 433 440 473 561 567
183 303 311 378 468 482 540 569 573
184 284 299 302 377 493 545 554 556 583
185 386 453 502 507
186 376
187 286 334 406 433 500 529 582
188 274 346 398 422 457 492 520
189 291 303 378 418 540 575
190 285 297 299 361 373 390 424 426 452 460 506 524 546
191 303 389 426 463 480 583
192 336 360 410 484 563 584
193 317 408 423 513 562 582
194 309 441 474 486 518
195 279 287 351 396 420 463 531 539 558 575
196 283 390 402 441 491
197 323 328 384 403 498 570 582
198 303 311 351 385 397 433 504
199 343 347 348 372 380 523 539 548 571 573 579
200 286 328 343 397 444 500 504 571
201 313 402 448 506
202 277 285 298 325 338 344 355 360 370 372 384 392 403 404 413 418 435 445 454 481 487 498
203 315 358 370 423 435 437 465 484 519 539 544 559 563 568 577
204 299 396 489 556 565 575
205 280 286 295 299 307 357 370 375 391 393 400 433 444 451 474 480 500 504 506
206 268 279 347 375 453 505 507 540 574
207 348 350 356 381 382 407 582
208 275 302 305 319 354 364 376 385 399 429 472 481 516 535 556 571 573 579
209 283 438 488 505 546
210 293 297 389 400 409 448 484 543 581
211 280 285 318 325 383 410 413 452 469 486 531 533 559 584
212 438 464
213 272 380 400 444 482 557 569 570
214 274 283 299 412 435 445 469 496 500 514 565 568 569
215 275 295 349 358 377
216 283 296 317 333 337 340 372 408 423 441 446 493 495 505 538
217 297 319 365 438 551 553
218 281 286 335 426 444 467 487 514 567
219 273 274 278 285 292 301 324 335 351 372 385 396 397 429 430 434 437 442 444 455 456 479 487 492
220 313 316 318 360 379 402 428 434 443
221 294 351 369 476 562
222 295 345 349 401 464 467 572 577
223 298 325 410 430 454 559 562 584
224 272 321 347 353 367 394 408 431 445 466 486 519
225 335 367 391 444 466 468 519
226 305 334 351 385 400 433 444 487 551 571
227 321 462 481 511 580
228 309 357 409 417 419 580
229 267 270 340 345 356 372 395 405 409 434 459 474 490 491 501 521 554 577 580
230 307 365 487 520 553
231 294 316 353 371 398 405 479 491 495 521 554 574
232 322 342 368 440 526 534
233 267 272 280 316 323 329 336 345 358 438 439 442 460 482 502 514
234 274 292 295 307 386 388 402 448 462 494 537 565 570 572 579
235 286 295 334 336 384 397 433 459 503 564 578 581
236 320 516 554 555
237 350 455 503 513 580 582
238 274 286 303 311 331 351 361 367 369 384 385 389 420 437 448 459 462 463 466 468 480 487 489 506
239 302 410 448
240 349 373 376 449 458 475 489 508 524 567
241 280 369 388 445 459
242 274 323 336 351 358 365 393 433 445 468 484 487 556
243 283 345 441 471 505 516 518 537 554
244 445 552 564
245 274 277 292 294 334 355 442 484 512 532 540 552 556
246 323 339 529 568 580
247 302 347 378 489 508 532
248 305 319 442 468 523 532 533
249 274 281 283 317 400 408 423 480 535 537 543 558 583
250 290 330 354 364 414 417 446 488 542
251 326 327 475 477 515
