0 252 253 254 255 256 257 258
1 259 260 261 262 263 264 265 266 267 268 269 270 271
2 252 272 273 274 275 276 277 278 279 280 281 282 283 284
3 255 272 285 286 287 288 289 290 291 292 293 294 295 296 297 298 299 300 301 302 303
4 253 254 272 304 305 306 307 308 309 310
5 259 311 312 313 314 315 316 317 318 319
6 255 274 277 284 313 320 321 322 323 324 325 326 327
7 257 272 298 322 325 328 329 330 331 332 333 334 335 336 337 338 339 340 341 342 343 344 345 346 347 348 349 350
8 351 352 353 354 355 356 357
9 320 358 359 360 361 362 363
10 259 264 271 364 365 366
11 253 259 260 261 263 270 271 275 277 288 290 292 306 308 311 312 313 315 316 317 321 326 329 334 335 338 341 342 354 362 367 368 369 370 371 372 373 374 375 376 377 378 379 380 381 382 383 384 385 386 387 388
12 272 288 313 323 369 375 389 390 391 392 393
13 269 312 354 373 394 395 396
14 289 304 358 397 398
15 252 253 263 399
16 253 257 258 259 270 287 288 294 306 310 311 312 313 316 317 327 328 329 332 334 337 341 345 349 351 358 363 370 371 372 381 384 386 388 394 395 400 401 402 403 404 405 406 407 408 409 410 411 412 413 414 415 416 417 418 419 420 421 422 423 424 425
17 283 361 364 379 397 426 427
18 280 297 302 345 428 429 430
19 268 289 326 343 420 431
20 322 384 429 432
21 256 271 274 283 304 320 397 402 410 433 434 435 436 437
22 286 288 311 353 438
23 300 301 404 408 439 440 441 442
24 313 319 336 342 419 424 443
25 260 289 304 305 367 369 370 402
26 254 273 300 349 354
27 268 300 333 386 419 421 422 423 444 445 446 447 448
28 275 355 393 449 450
29 334 355 360 362 366 394 451 452 453
30 270 274 280 298 309 345 370 379 419 425 454 455 456 457
31 351 454 458 459 460
32 260 271 273 352 369 401 461
33 286 433 462 463
34 254 266 268 271 308 333 337 340 342 369 371 389 395 398 404 408 428 432 448 451 464 465 466 467
35 295 304 435 454 466 468 469
36 443
37 256 277 295 349 412 463 470 471 472 473
38 474 475
39 255 260 297 328 352 367 386 387 397 400 447 464 476 477 478 479 480 481
40 257 266 267 270 294 308 316 318 321 325 330 336 338 341 343 347 362 366 394 407 416 447 451 463 482
41 265 286 328 352 373 435 483 484
42 265 287 290 303 304 371 382 399 405 406 411 471 474 475 478 485 486 487 488
43 262 292 359 376 395 460 462
44 288 307 489 490
45 259 274 288 346 350 351 367 370
46 271 486 491 492 493
47 328 451 494 495
48 279 320 439 456 462
49 265 306 308 313 324 331 375 377 390 481 496
50 253 329 359 377 435 438 443
51 291 295 358 376 426 492 497 498
52 262 276 354 359 398 402 438 441 445 483 499 500 501 502 503 504 505 506
53 256 284 287 374 403 414 435 436 466
54 317 341 443 455 507
55 292 331 338 340 358 378 393 395 508
56 258 315 325 345 388 443
57 264 330 401 478 508 509
58 329 346 360 386 464 476 483 489 492 501 507 510 511
59 300 324 382 383 444 473 489 512
60 368 485 490 513
61 277 282 284 291 297 322 356 396 411 425 447 472 481 486 514 515 516 517 518
62 282 283 291 301 366 380 385 391 425 455 463 476 479 480 485 498 508 512 518 519 520 521 522 523
63 265 331 344 504
64 258 270 309 322 342 348 381 416 420 446 447 461 482
65 300 491 524 525
66 276 452 526 527
67 254 263 271 273 337 400 508 523 528
68 277 303 309 317 329 340 386 528
69 289 399 511 529 530 531 532
70 296 297 357 379 533
71 329 353 371 465 496
72 332 335 385 388 457 497 504 534 535
73 318 374 378 430 472 494 499
74 324 325 326 339 341 366 407 425
75 274 277 336 340 364 456 483 496 513
76 278 321 454 507 522
77 261 308 329 338 347 397 398 413 535
78 279 350 411 500 510 511 524 536 537 538 539
79 439 441 510 540 541
80 266 268 270 296 302 308 323 327 333 347 381 407 420 424 428 444 446 463 542
81 472 509
82 256 320 334 427 438 543 544
83 279 280 285 292 528
84 293 297 337 444 503 521 544 545 546
85 305 316 407 448 519 526 547 548
86 268 362 381 396 445 447 481 496 519 525 534 542
87 331 491 519 540 541
88 301 336 476 482
89 319 348 384 415 428 449 457 479 495 504 514 533 546 549 550
90 481 551
91 289 322 334 513 547 552
92 256 267 295 301 357 363 383 393 411 415 469 471 476 491 526 547 553
93 406 417 439 478 503 510 520
94 453 494 554 555
95 361 476 499 536
96 336 408 432 460 515 521 552
97 276 278 344 385 386 444 445 504 555 556 557
98 376 412 418 484 515 517 519
99 277 281 486 530 557
100 349 445 463 468 534 539 558
101 267 316 378 393 403
102 256 276 295 322 326 381 409 422 473 480 489 533 538
103 410 411 434 437 515
104 269 289 316 378 452 491 513
105 409 485
106 276 284 290 387 451 527
107 267 292 308 309 407 505
108 307 384 404 491 530
109 266 299 318 375 378 383
110 295 459 466 522 544
111 342 396 407 416 425
112 297 336 376 378 382 474 530 545 559
113 269 275 308 337 501 506 551 557 558 560
114 257 267 323 381 551
115 452 489 545 561
116 306 314 332 390
117 324 439 453 527 562
118 396 459 466 492 497
119 325 340 444 467 484
120 340 363 422 431
121 305 372 465 483 543 547
122 295 296 406 411 417 455 472 474 486 490 514 515 531 533 542 551 554
123 531
124 256 357 521 530 538
125 308 309 366 372 447 463 512
126 349 425 546
127 297 298 299 302 349 403 430 472 473 476 527 538 542 563
128 308 375 393 459 492 564
129 287 329 371 376
130 306 308 313 390 459
131 295 298 299 336 494 523 556 562
132 493 501 507 510 537
133 436 496 515 528
134 377 380 435 496 499 536 561
135 280 322 378 469 494 527 537 562
136 308 339 341 392 534
137 307 392 403 470 491 565
138 296 301 309 339 342 347 388 404 406 411 494 554 562
139 279 406 460 470 527 559
140 314 416 419 421 529
141 289 293 319 356 405 442 444 457 460 463 473 503 516 550 558 560
142 399 406 470 500 526 547 565
143 291 396 406 439 441 455 513 537 554
144 411 455 491 514 523
145 266 290 318 382 383 396 429 437 453 486 564 566
146 411 440 489 525 535
147 468 494 530 538 544
148 343 440 468 524 529 538 566
149 440 460 536 565 567
150 298 492 497 507 549
151 283 296 356 403 426 434 556
152 391 399 430 453 523 566
153 335 392 490 555 563
154 276 470 503 510 561
155 274 289 307 406 468 505 529 544 554
156 306 377 390 393 467 511
157 260 263 282 286 293 305 352 353 356 357 369 372 376 390 393 395 401 404 408 410 417 423 442 448 458 468 483 486 492 501 511 524 525 530 558 567
158 316 371 395 430
159 278 285 371 372 432 435 444 462 503 524 549
160 256 271 321 330 347 376 429 430 486 543 559 564
161 269 271 315 365 498
162 255 275 282 290 350 365 387 393 396 413 440 445 467 468 476 478 486 504 506 507 512 519 522 529 546 549 563 568
163 329 330 360 361 374 390 458 462 502 507 510 556 561
164 262 287 304 305 458 462 492 497 538
165 268 451 508 527
166 286 289 380 410 477 524 538 543
167 273 329 391 483
168 450 462 465 555 556
169 311 314 315 332 335 364 374 382 388 401 416 482
170 264 271 284 286 311 312 367 368 394 454 461 493 501 551
171 281 283 309 430 450 516 558
172 264 275 279 312 329 353 354 374 385 398 400 402 424 427 433 461 481 483 484 513 515
173 273 304 305 380 400 465 487 496
174 296 306 313 375 395
175 252 285 317 390
176 252 455 548
177 282 293 305 389 482 489 513
178 265 320 399 471 483 526 556
179 422 454 469 473 553 569
180 267 278 360 395 442 496 508 532 559
181 267 296 411 423 493 540
182 268 330 344 389 416 417 421 445 483 503 506 528 556 565
183 403 452 499 500 524 537 543 565
184 268 306 459 489 491 501 520 536 561
185 252 391 464 484
186 404
187 331 410 417 426 506 511 560
188 320 329 361 372 401 458 534
189 452 475 499 524 547 563
190 266 318 321 351 359 365 378 433 462 502 518 521 536
191 477 499 510 521 561 567
192 414 415 514 515 516 566
193 281 375 377 509 549 560
194 270 314 315 343 383
195 396 431 434 449 467 470 477 494 547 562
196 300 318 341 382 383
197 295 418 481 486 538 560 568
198 392 431 440 499 506 530 565
199 267 279 355 376 380 393 449 471 539 543 554
200 279 331 392 408 410 481 530 539
201 276 300 327 502
202 256 267 297 356 385 418 424 428 429 475 486 516 518 523 532 545 546 551 552 556 568 570
203 319 348 384 415 428 449 457 479 495 504 514 533 546 549 550
204 470 491 496 526 536 547
205 265 274 331 343 346 357 392 408 410 435 460 478 502 505 506 536 546 558 567
206 252 316 376 452 464 467 478 492 544
207 282 308 340 350 380 395 560
208 260 286 289 307 368 370 402 404 411 440 441 491 520 529 539 543 552 554
209 264 303 316 382 462
210 275 276 357 363 365 415 456 510 557
211 270 283 321 413 414 432 434 437 495 505 518 532 556 566
212 303 448
213 298 357 393 403 408 493 537 538
214 284 331 361 371 382 428 432 519 526 533 536 537 570
215 260 268 271 479 558
216 261 267 306 316 339 375 377 382 383 386 390 394 400 446 549
217 289 293 303 365 474 488
218 284 310 385 408 409 410 445 521 528
219 267 294 338 344 345 361 385 408 411 431 439 440 445 450 470 504 518 525 530 531 534 535 559 564
220 283 296 300 322 327 333 450 455 516
221 412 431 507 509 513
222 271 310 337 448 480 542 550 558
223 345 414 429 495 509 523 532 566
224 270 298 319 326 347 376 377 423 463 540 541 570
225 319 408 445 460 500 540 541
226 357 385 408 417 431 440 474 506 529 539
227 278 405 423 552 555
228 265 311 315 335 363 555
229 267 277 323 337 340 341 343 363 386 416 419 420 421 442 450 468 489 550 555
230 293 320 346 385 488
231 257 261 322 323 341 347 401 412 416 489 535 544
232 364 369 389 427 438 485
233 266 277 284 295 298 303 322 337 388 403 447 479 484 505 515 531
234 276 300 346 349 361 391 405 406 439 444 526 538 542 554 558
235 336 410 417 468 486 506 515 517 530 553 557 558
236 288 307 489 490
237 281 294 308 336 555 560
238 276 290 361 378 385 405 410 431 440 468 477 486 496 499 500 502 504 507 510 540 541 562 565 567
239 276 414 520
240 262 271 359 373 374 398 404 433 496 528
241 406 468 505 507 570
242 293 295 361 385 415 431 435 479 491 500 506 515 570
243 307 314 316 334 337 382 383 444 489
244 487 517 570
245 280 356 361 412 415 417 436 439 452 487 491 531 545
246 295 299 426 533 555
247 262 376 436 496 520 524
248 289 355 436 437 500 529 531
249 357 361 375 377 382 409 441 444 456 494 549 561 567
250 264 286 311 312 367 368 394 454 461
251 285 304 352 373 379
