0 275 293 328 358 365 413 495
1 274 281 290 354 372 385 414 423 525 533 558 563 574
2 264 272 299 333 364 365 389 419 422 439 456 510 515 568
3 266 268 270 315 328 334 335 338 344 349 351 359 398 399 419 440 450 497 503 520 577
4 275 293 375 397 419 485 511 519 534 571
5 289 290 323 326 348 412 437 468 514 585
6 264 326 327 328 331 379 422 442 470 489 493 515 516
7 270 271 304 318 320 329 331 340 368 378 384 413 419 428 472 483 486 489 522 538 539 541 542 549 567 573 580 583
8 342 377 383 401 448 478 500
9 273 379 400 434 459 482 509
10 290 305 372 394 563 579
11 264 268 274 281 282 290 293 299 323 326 332 335 337 340 346 348 349 360 369 370 371 372 375 377 381 392 434 442 447 458 463 465 468 472 474 501 513 514 516 522 531 539 543 548 549 554 558 561 567 571 574 585
12 326 332 335 337 357 419 426 433 470 499 584
13 287 348 354 377 427 507 543
14 334 509 519 523 544
15 281 293 365 570
16 266 267 280 286 290 293 301 318 324 326 327 335 336 346 348 352 353 360 368 369 413 421 427 429 435 443 446 447 452 454 459 460 463 466 468 474 478 484 486 495 504 507 509 514 520 522 527 531 534 538 539 540 553 555 557 558 566 567 571 573 578 585
17 273 310 333 362 394 544 548
18 272 306 315 440 486 494 560
19 334 376 423 442 443 542
20 306 331 531 536
21 286 303 317 333 358 363 372 379 417 441 515 519 540 544
22 313 335 398 401 468
23 298 351 366 421 431 450 504 581
24 326 411 412 452 549 566 583
25 274 334 337 397 447 465 519 540
26 275 377 450 568 573
27 267 324 336 355 360 374 423 432 450 483 498 529 566
28 299 426 492 500 564
29 393 400 402 434 500 507 539 556 579
30 269 270 272 284 425 447 486 511 515 545 548 557 558 566
31 438 476 478 545 572
32 274 294 337 342 372 446 568
33 398 417 488 587
34 275 278 308 337 368 372 375 384 393 421 423 427 463 481 483 494 499 504 517 523 525 529 536 549
35 308 338 441 453 519 524 545
36 411
37 264 291 301 338 343 358 386 444 488 573
38 347 471
39 274 328 342 345 352 360 361 387 420 440 449 465 498 517 528 538 544 554
40 340 375 378 393 413 414 434 437 454 466 488 489 498 507 516 520 525 526 541 542 558 567 579 583 585
41 342 385 398 441 479 538 543 582
42 266 282 288 343 347 349 385 405 420 430 435 463 471 484 497 519 527 547 570
43 268 370 427 438 482 533 587
44 335 339 457 485
45 290 320 335 428 447 465 478 515
46 265 372 406 430 530
47 393 403 505 538
48 269 298 364 379 587
49 326 332 345 357 375 385 458 493 565 571 580
50 293 313 411 441 458 482 522
51 265 310 338 370 467 487 509 577
52 279 283 312 313 355 366 377 391 479 482 491 496 510 523 533 535 540 586
53 266 308 317 358 422 441 460 513 553
54 408 411 425 514 567
55 268 340 384 392 426 427 462 509 580
56 323 346 411 486 489 495
57 297 420 446 462 541 563
58 265 283 320 339 360 361 400 408 436 455 479 517 522
59 282 339 374 386 388 450 493 501
60 381 405 457 546
61 264 285 287 291 331 345 356 383 390 422 430 440 456 461 484 498 557 562 577
62 285 311 321 333 351 361 371 387 388 405 425 433 449 456 462 467 480 488 518 557 561 575 577 579
63 271 385 496 580
64 294 329 331 432 443 454 474 495 498 511 526 549 558
65 424 450 521 530
66 296 510 556 559
67 275 281 352 368 372 462 508 518 568
68 264 360 384 497 508 511 514 522
69 316 334 341 445 455 502 570
70 396 440 448 503 548
71 401 463 481 522 565
72 284 318 346 472 487 496 550 561 569
73 291 312 392 403 437 513 560
74 304 442 466 489 493 557 567 579
75 264 269 384 394 479 515 546 565 583
76 321 389 408 516 545
77 340 375 378 429 522 523 544 550 574
78 292 307 350 364 424 428 436 455 484 535 576
79 298 366 404 436 532
80 315 327 374 375 378 382 423 432 443 452 466 470 474 483 488 494 503 525 558
81 291 297
82 313 358 362 373 379 537 539
83 268 272 344 364 508
84 276 368 373 374 391 399 410 440 480
85 300 397 466 469 529 559 575 585
86 287 345 355 382 423 434 474 498 521 565 569 575
87 404 530 532 575 580
88 351 361 526 583
89 284 329 380 387 396 410 412 461 477 494 496 505 531 555 564
90 345 367
91 300 331 334 539 546 552
92 300 338 343 351 358 361 414 416 426 448 453 459 484 501 530 555 559
93 298 311 353 391 420 435 436
94 319 402 403 512
95 273 307 312 361
96 356 438 480 504 536 552 583
97 271 319 355 360 374 389 464 490 496 510 561
98 301 356 370 562 575 578 582
99 264 430 439 445 490
100 292 302 355 488 524 569 573
101 392 414 426 553 585
102 280 324 331 338 339 358 386 396 442 449 474 510 576
103 286 303 356 363 484
104 334 354 392 530 546 556 585
105 280 405
106 296 349 393 422 510 554
107 268 279 375 414 466 511
108 421 445 485 530 531
109 332 359 392 437 501 525
110 308 321 338 373 572
111 287 454 466 549 557
112 276 277 282 347 370 392 440 445 583
113 283 299 302 354 367 368 375 415 490 491
114 367 413 414 470 474
115 276 339 475 556
116 289 318 357 571
117 296 298 402 473 493
118 265 287 308 487 572
119 278 374 384 489 582
120 324 376 384 459
121 300 369 397 479 481 537
122 291 338 347 353 356 367 382 396 425 430 435 457 461 484 502 503 512
123 502
124 358 445 448 480 576
125 369 375 388 488 498 511 579
126 410 557 573
127 270 291 295 296 315 359 361 382 386 440 553 560 573 576
128 265 309 332 375 426 572
129 266 370 463 522
130 326 357 375 571 572
131 270 338 359 403 464 473 518 583
132 283 350 406 408 436
133 317 356 508 565
134 307 312 371 441 458 475 565
135 272 296 331 350 392 403 453 473
136 304 375 567 569 584
137 325 444 485 530 553 584
138 304 346 351 378 403 421 435 473 484 503 511 512 549
139 277 296 364 435 438 444
140 267 289 316 454 566
141 284 302 334 374 380 383 386 390 391 399 412 415 438 488 527 581
142 300 325 435 444 535 559 570
143 287 298 350 366 425 435 512 546 577
144 425 461 484 518 530
145 282 287 306 309 349 363 402 409 430 437 501 525
146 339 431 484 521 550
147 373 403 445 524 576
148 316 409 424 431 524 542 576
149 307 325 431 438 551
150 265 270 408 477 487
151 303 310 333 383 464 503 553
152 402 409 433 518 560 570
153 295 319 457 472 584
154 391 436 444 475 510
155 279 316 334 373 435 485 512 515 524
156 278 357 426 455 458 571
157 265 274 281 283 286 302 336 337 342 353 357 369 370 383 397 398 399 401 421 424 426 427 430 445 446 448 455 456 476 479 504 521 524 529 551 581
158 427 463 560 585
159 344 369 374 389 391 424 441 463 477 536 587
160 277 306 309 358 370 372 378 430 516 537 541 560
161 305 323 354 372 467
162 278 287 295 299 305 316 321 328 349 355 361 388 408 410 420 426 428 429 430 431 451 456 477 491 496 524 554 575
163 273 357 400 408 436 464 475 476 513 522 541 586 587
164 265 266 397 476 487 519 533 576 587
165 296 393 423 462
166 286 334 371 398 424 528 537 576
167 433 479 522 568
168 319 464 481 492 587
169 282 289 318 323 346 394 446 454 468 472 513 526
170 283 294 348 367 372 381 398 406 422 465 468 507 545 563
171 302 333 390 439 492 511 560
172 294 299 345 348 352 356 362 364 377 401 417 452 479 513 522 523 540 546 561 563 582
173 288 352 371 397 481 519 565 568
174 326 332 427 503 571
175 344 357 365 514
176 365 425 469
177 339 397 399 456 499 526 546
178 343 379 385 464 479 559 570
179 324 386 395 416 453 545
180 277 341 389 400 414 427 462 565 581
181 336 404 406 414 484 503
182 267 271 325 353 355 391 423 454 464 479 491 499 508 541
183 312 325 350 424 535 537 553 556
184 283 307 311 339 423 475 530 571 572
185 365 433 517 582
186 421
187 286 310 353 415 455 491 580
188 273 369 379 446 476 522 569
189 295 300 312 424 471 556
190 285 305 307 392 417 437 478 480 482 516 525 586 587
191 312 436 475 480 528 551
192 356 390 409 460 461 555
193 297 332 415 439 458 477
194 289 323 501 542 558
195 278 287 300 303 376 403 444 473 528 564
196 282 437 450 501 567
197 338 345 415 430 451 576 578
198 312 325 376 431 445 491 584
199 292 343 364 370 371 414 426 500 512 537 564
200 286 292 345 364 445 504 580 584
201 327 450 510 586
202 276 285 306 341 358 367 383 390 410 414 430 440 451 452 464 471 494 506 518 552 561 578
203 284 329 380 387 396 410 412 461 477 494 496 505 531 555 564
204 300 307 444 530 559 565
205 279 286 302 307 320 385 410 420 438 441 448 491 504 515 542 551 580 584 586
206 265 278 365 370 373 420 517 556 585
207 371 375 384 415 427 428 456
208 274 292 311 316 334 366 381 398 421 431 447 484 485 512 530 537 540 552
209 282 497 563 585 587
210 269 299 305 436 448 459 490 510 555
211 279 285 303 333 341 363 409 429 460 464 505 516 536 558
212 497 529
213 270 350 406 426 448 504 553 576
214 273 282 307 350 396 422 463 494 506 536 559 575 580
215 274 302 372 387 423
216 282 304 332 352 357 360 414 432 458 477 501 507 571 574 585
217 305 334 347 399 497 547
218 280 286 355 422 480 504 508 534 561
219 271 273 277 285 298 309 340 355 376 414 431 444 445 484 486 492 496 502 504 520 521 550 561 569
220 327 331 333 390 425 450 483 492 503
221 297 301 376 408 546
222 302 368 372 380 382 449 529 534
223 297 306 341 409 460 486 505 518
224 270 336 370 378 404 412 442 458 488 506 532 558
225 355 404 412 438 504 532 535
226 292 316 347 353 376 431 448 491 504 561
227 319 336 389 527 552
228 319 323 385 459 468 472
229 264 267 319 339 360 368 380 384 414 443 454 459 470 492 524 542 566 567 581
230 320 379 399 547 561
231 301 331 339 373 378 413 446 454 470 550 567 574
232 313 337 362 394 405 499
233 264 270 279 331 338 346 356 368 387 422 497 498 502 525 553 582
234 273 298 302 320 374 382 433 435 450 510 512 527 559 573 576
235 286 302 353 356 416 430 445 490 491 524 562 583
236 335 339 457 485
237 319 375 415 439 520 583
238 273 286 312 325 349 376 392 404 408 430 431 436 473 496 510 524 527 528 532 535 551 561 565 586
239 311 460 510
240 372 417 421 482 508 513 523 533 543 565
241 279 408 435 506 524
242 273 338 356 376 387 399 441 491 506 530 535 555 561
243 282 289 339 368 374 485 501 539 585
244 288 506 562
245 272 273 276 288 298 301 317 353 383 502 530 555 556
246 310 319 338 359 396
247 311 317 370 424 533 565
248 316 317 334 363 500 502 535
249 269 273 280 282 332 366 374 403 448 458 475 477 551
250 294 348 381 398 465 468 507 545 563
251 342 344 519 543 548
