0 277 295 330 360 367 415 497
1 276 283 292 356 374 387 416 425 527 535 560 565 576
2 266 274 301 335 366 367 391 421 424 441 458 512 517 570
3 268 270 272 317 330 336 337 340 346 351 353 361 400 401 421 442 452 499 505 522 579
4 277 295 377 399 421 487 513 521 536 573
5 291 292 325 328 350 414 439 470 516 587
6 266 328 329 330 333 381 424 444 472 491 495 517 518
7 272 273 306 320 322 331 333 342 370 380 386 415 421 430 474 485 488 491 524 540 541 543 544 551 569 575 582 585
8 344 379 385 403 450 480 502
9 275 381 402 436 461 484 511
10 292 307 374 396 565 581
11 266 270 276 283 284 292 295 301 325 328 334 337 339 342 348 350 351 362 371 372 373 374 377 379 383 394 436 444 449 460 465 467 470 474 476 503 515 516 518 524 533 541 545 550 551 556 560 563 569 573 576 587
12 328 334 337 339 359 421 428 435 472 501 586
13 289 350 356 379 429 509 545
14 336 511 521 525 546
15 283 295 367 572
16 268 269 282 288 292 295 303 320 326 328 329 337 338 348 350 354 355 362 370 371 415 423 429 431 437 445 448 449 454 456 461 462 465 468 470 476 480 486 488 497 506 509 511 516 522 524 529 533 536 540 541 542 555 557 559 560 568 569 573 575 580 587
17 275 312 335 364 396 546 550
18 274 308 317 442 488 496 562
19 336 378 425 444 445 544
20 308 333 533 538
21 288 305 319 335 360 365 374 381 419 443 517 521 542 546
22 315 337 400 403 470
23 300 353 368 423 433 452 506 583
24 328 413 414 454 551 568 585
25 276 336 339 399 449 467 521 542
26 277 379 452 570 575
27 269 326 338 357 362 376 425 434 452 485 500 531 568
28 301 428 494 502 566
29 395 402 404 436 502 509 541 558 581
30 271 272 274 286 427 449 488 513 517 547 550 559 560 568
31 440 478 480 547 574
32 276 296 339 344 374 448 570
33 400 419 490 589
34 277 280 310 339 370 374 377 386 395 423 425 429 465 483 485 496 501 506 519 525 527 531 538 551
35 310 340 443 455 521 526 547
36 413
37 266 293 303 340 345 360 388 446 490 575
38 349 473
39 276 330 344 347 354 362 363 389 422 442 451 467 500 519 530 540 546 556
40 342 377 380 395 415 416 436 439 456 468 490 491 500 509 518 522 527 528 543 544 560 569 581 585 587
41 344 387 400 443 481 540 545 584
42 268 284 290 345 349 351 387 407 422 432 437 465 473 486 499 521 529 549 572
43 270 372 429 440 484 535 589
44 337 341 459 487
45 292 322 337 430 449 467 480 517
46 267 374 408 432 532
47 395 405 507 540
48 271 300 366 381 589
49 328 334 347 359 377 387 460 495 567 573 582
50 295 315 413 443 460 484 524
51 267 312 340 372 469 489 511 579
52 281 285 314 315 357 368 379 393 481 484 493 498 512 525 535 537 542 588
53 268 310 319 360 424 443 462 515 555
54 410 413 427 516 569
55 270 342 386 394 428 429 464 511 582
56 325 348 413 488 491 497
57 299 422 448 464 543 565
58 267 285 322 341 362 363 402 410 438 457 481 519 524
59 284 341 376 388 390 452 495 503
60 383 407 459 548
61 266 287 289 293 333 347 358 385 392 424 432 442 458 463 486 500 559 564 579
62 287 313 323 335 353 363 373 389 390 407 427 435 451 458 464 469 482 490 520 559 563 577 579 581
63 273 387 498 582
64 296 331 333 434 445 456 476 497 500 513 528 551 560
65 426 452 523 532
66 298 512 558 561
67 277 283 354 370 374 464 510 520 570
68 266 362 386 499 510 513 516 524
69 318 336 343 447 457 504 572
70 398 442 450 505 550
71 403 465 483 524 567
72 286 320 348 474 489 498 552 563 571
73 293 314 394 405 439 515 562
74 306 444 468 491 495 559 569 581
75 266 271 386 396 481 517 548 567 585
76 323 391 410 518 547
77 342 377 380 431 524 525 546 552 576
78 294 309 352 366 426 430 438 457 486 537 578
79 300 368 406 438 534
80 317 329 376 377 380 384 425 434 445 454 468 472 476 485 490 496 505 527 560
81 293 299
82 315 360 364 375 381 539 541
83 270 274 346 366 510
84 278 370 375 376 393 401 412 442 482
85 302 399 468 471 531 561 577 587
86 289 347 357 384 425 436 476 500 523 567 571 577
87 406 532 534 577 582
88 353 363 528 585
89 286 331 382 389 398 412 414 463 479 496 498 507 533 557 566
90 347 369
91 302 333 336 541 548 554
92 302 340 345 353 360 363 416 418 428 450 455 461 486 503 532 557 561
93 300 313 355 393 422 437 438
94 321 404 405 514
95 275 309 314 363
96 358 440 482 506 538 554 585
97 273 321 357 362 376 391 466 492 498 512 563
98 303 358 372 564 577 580 584
99 266 432 441 447 492
100 294 304 357 490 526 571 575
101 394 416 428 555 587
102 282 326 333 340 341 360 388 398 444 451 476 512 578
103 288 305 358 365 486
104 336 356 394 532 548 558 587
105 282 407
106 298 351 395 424 512 556
107 270 281 377 416 468 513
108 423 447 487 532 533
109 334 361 394 439 503 527
110 310 323 340 375 574
111 289 456 468 551 559
112 278 279 284 349 372 394 442 447 585
113 285 301 304 356 369 370 377 417 492 493
114 369 415 416 472 476
115 278 341 477 558
116 291 320 359 573
117 298 300 404 475 495
118 267 289 310 489 574
119 280 376 386 491 584
120 326 378 386 461
121 302 371 399 481 483 539
122 293 340 349 355 358 369 384 398 427 432 437 459 463 486 504 505 514
123 504
124 360 447 450 482 578
125 371 377 390 490 500 513 581
126 412 559 575
127 272 293 297 298 317 361 363 384 388 442 555 562 575 578
128 267 311 334 377 428 574
129 268 372 465 524
130 328 359 377 573 574
131 272 340 361 405 466 475 520 585
132 285 352 408 410 438
133 319 358 510 567
134 309 314 373 443 460 477 567
135 274 298 333 352 394 405 455 475
136 306 377 569 571 586
137 327 446 487 532 555 586
138 306 348 353 380 405 423 437 475 486 505 513 514 551
139 279 298 366 437 440 446
140 269 291 318 456 568
141 286 304 336 376 382 385 388 392 393 401 414 417 440 490 529 583
142 302 327 437 446 537 561 572
143 289 300 352 368 427 437 514 548 579
144 427 463 486 520 532
145 284 289 308 311 351 365 404 411 432 439 503 527
146 341 433 486 523 552
147 375 405 447 526 578
148 318 411 426 433 526 544 578
149 309 327 433 440 553
150 267 272 410 479 489
151 305 312 335 385 466 505 555
152 404 411 435 520 562 572
153 297 321 459 474 586
154 393 438 446 477 512
155 281 318 336 375 437 487 514 517 526
156 280 359 428 457 460 573
157 267 276 283 285 288 304 338 339 344 355 359 371 372 385 399 400 401 403 423 426 428 429 432 447 448 450 457 458 478 481 506 523 526 531 553 583
158 429 465 562 587
159 346 371 376 391 393 426 443 465 479 538 589
160 279 308 311 360 372 374 380 432 518 539 543 562
161 307 325 356 374 469
162 280 289 297 301 307 318 323 330 351 357 363 390 410 412 422 428 430 431 432 433 453 458 479 493 498 526 556 577
163 275 359 402 410 438 466 477 478 515 524 543 588 589
164 267 268 399 478 489 521 535 578 589
165 298 395 425 464
166 288 336 373 400 426 530 539 578
167 435 481 524 570
168 321 466 483 494 589
169 284 291 320 325 348 396 448 456 470 474 515 528
170 285 296 350 369 374 383 400 408 424 467 470 509 547 565
171 304 335 392 441 494 513 562
172 296 301 347 350 354 358 364 366 379 403 419 454 481 515 524 525 542 548 563 565 584
173 290 354 373 399 483 521 567 570
174 328 334 429 505 573
175 346 359 367 516
176 367 427 471
177 341 399 401 458 501 528 548
178 345 381 387 466 481 561 572
179 326 388 397 418 455 547
180 279 343 391 402 416 429 464 567 583
181 338 406 408 416 486 505
182 269 273 327 355 357 393 425 456 466 481 493 501 510 543
183 314 327 352 426 537 539 555 558
184 285 309 313 341 425 477 532 573 574
185 367 435 519 584
186 423
187 288 312 355 417 457 493 582
188 275 371 381 448 478 524 571
189 297 302 314 426 473 558
190 287 307 309 394 419 439 480 482 484 518 527 588 589
191 314 438 477 482 530 553
192 358 392 411 462 463 557
193 299 334 417 441 460 479
194 291 325 503 544 560
195 280 289 302 305 378 405 446 475 530 566
196 284 439 452 503 569
197 340 347 417 432 453 578 580
198 314 327 378 433 447 493 586
199 294 345 366 372 373 416 428 502 514 539 566
200 288 294 347 366 447 506 582 586
201 329 452 512 588
202 278 287 308 343 360 369 385 392 412 416 432 442 453 454 466 473 496 508 520 554 563 580
203 286 331 382 389 398 412 414 463 479 496 498 507 533 557 566
204 302 309 446 532 561 567
205 281 288 304 309 322 387 412 422 440 443 450 493 506 517 544 553 582 586 588
206 267 280 367 372 375 422 519 558 587
207 373 377 386 417 429 430 458
208 276 294 313 318 336 368 383 400 423 433 449 486 487 514 532 539 542 554
209 284 499 565 587 589
210 271 301 307 438 450 461 492 512 557
211 281 287 305 335 343 365 411 431 462 466 507 518 538 560
212 499 531
213 272 352 408 428 450 506 555 578
214 275 284 309 352 398 424 465 496 508 538 561 577 582
215 276 304 374 389 425
216 284 306 334 354 359 362 416 434 460 479 503 509 573 576 587
217 307 336 349 401 499 549
218 282 288 357 424 482 506 510 536 563
219 273 275 279 287 300 311 342 357 378 416 433 446 447 486 488 494 498 504 506 522 523 552 563 571
220 329 333 335 392 427 452 485 494 505
221 299 303 378 410 548
222 304 370 374 382 384 451 531 536
223 299 308 343 411 462 488 507 520
224 272 338 372 380 406 414 444 460 490 508 534 560
225 357 406 414 440 506 534 537
226 294 318 349 355 378 433 450 493 506 563
227 321 338 391 529 554
228 321 325 387 461 470 474
229 266 269 321 341 362 370 382 386 416 445 456 461 472 494 526 544 568 569 583
230 322 381 401 549 563
231 303 333 341 375 380 415 448 456 472 552 569 576
232 315 339 364 396 407 501
233 266 272 281 333 340 348 358 370 389 424 499 500 504 527 555 584
234 275 300 304 322 376 384 435 437 452 512 514 529 561 575 578
235 288 304 355 358 418 432 447 492 493 526 564 585
236 337 341 459 487
237 321 377 417 441 522 585
238 275 288 314 327 351 378 394 406 410 432 433 438 475 498 512 526 529 530 534 537 553 563 567 588
239 313 462 512
240 374 419 423 484 510 515 525 535 545 567
241 281 410 437 508 526
242 275 340 358 378 389 401 443 493 508 532 537 557 563
243 284 291 341 370 376 487 503 541 587
244 290 508 564
245 274 275 278 290 300 303 319 355 385 504 532 557 558
246 312 321 340 361 398
247 313 319 372 426 535 567
248 318 319 336 365 502 504 537
249 271 275 282 284 334 368 376 405 450 460 477 479 553
250 296 350 383 400 467 470 509 547 565
251 344 346 521 545 550
