0 312 344 352 431 496 497 498
1 261 279 358 383 393 441 474 499 500 501 502 503 504
2 287 318 352 391 401 480 505 506 507 508 509 510 511 512
3 252 312 336 372 403 505 513 514 515 516 517 518 519 520 521 522 523 524 525 526 527
4 362 417 449 496 497 505 528 529 530 531
5 277 279 310 334 438 532 533 534 535 536
6 312 366 391 424 506 508 533 537 538 539 540 541 542
7 254 314 324 364 419 424 455 459 486 498 505 523 538 543 544 545 546 547 548 549 550 551 552 553 554 555 556 557
8 328 374 433 558 559 560 561
9 366 415 562 563 564 565 566
10 279 358 502 567 568 569
11 252 261 279 287 310 322 324 334 356 358 362 438 455 461 470 474 478 496 499 500 508 516 518 530 532 533 534 537 541 544 549 554 555 559 565 570 571 572 573 574 575 576 577 578 579 580 581 582 583 584 585 586
12 322 505 516 533 539 576 587 588 589 590 591
13 272 334 397 461 504 559 592
14 517 528 562 593 594
15 261 352 484 496
16 259 270 279 289 320 334 338 340 397 413 419 431 438 443 449 455 457 474 486 496 498 515 516 520 530 532 533 534 542 543 544 547 551 554 558 562 566 572 573 574 581 584 585 586 592 595 596 597 598 599 600 601 602 603 604 605 606 607 608 609 610 611
17 299 318 348 564 567 579 593
18 291 403 419 429 511 526 612
19 393 459 517 541 607 613
20 291 538 584 614
21 270 304 318 344 350 358 366 405 457 506 528 593 615 616
22 374 514 516 532 617
23 336 490 525 597 599 618 619 620
24 533 536 550 555 606 610 621
25 322 457 499 517 528 529 570 572
26 480 486 497 525 559
27 320 342 393 525 548 585 606 608 609 622 623 624 625
28 287 427 433 591 626
29 370 376 433 455 472 563 565 569 592
30 266 419 474 506 511 523 531 572 579 606 611 627 628 629
31 558 627 630 631 632
32 322 328 358 480 499 595 633
33 422 494 514 615
34 295 322 358 362 370 393 397 429 441 497 548 551 553 555 573 587 594 597 599 614 625 634 635 636
35 295 405 407 521 528 627 637
36 621
37 281 289 344 422 486 508 521 638 639 640
38 332 641
39 312 328 330 338 346 403 470 499 543 570 585 593 624 634 642 643 644 645
40 324 362 364 370 383 413 422 424 441 459 474 498 520 534 535 537 545 550 554 565 569 592 604 624 646
41 328 405 461 492 503 514 543 647
42 275 332 443 465 484 503 515 518 527 528 573 582 598 600 639 641 643 648 649
43 252 356 397 415 494 501 632
44 411 417 516 650
45 279 506 516 556 557 558 570 572
46 358 378 445 649 651
47 370 437 543 652
48 366 494 510 618 629
49 330 362 503 530 533 540 546 576 577 588 653
50 405 415 496 544 577 617 621
51 299 356 420 519 521 562 651 654
52 264 302 342 368 415 451 457 501 507 559 594 617 620 647 655 656 657 658
53 295 304 344 391 405 515 575 596 602
54 438 554 621 628 659
55 252 324 397 546 553 562 578 591 660
56 310 419 424 431 586 621
57 502 545 595 643 660 661
58 264 346 399 409 544 556 563 585 634 647 650 651 659
59 525 540 582 583 622 640 650 662
60 411 463 571 648
61 268 272 281 330 391 403 508 512 519 538 560 600 611 624 649 663 664 665 666
62 268 306 318 336 346 422 478 488 512 519 569 580 589 611 628 644 645 648 654 660 662 667 668 669
63 254 503 546 656
64 314 431 474 531 538 555 581 604 607 623 624 633 646
65 395 439 445 525
66 472 476 507 670
67 261 338 358 480 497 551 660 669 671
68 438 508 527 531 544 553 585 671
69 326 409 435 484 517 672 673
70 403 522 561 579 674
71 374 544 573 635 653
72 266 420 466 478 482 547 549 586 656
73 281 302 535 575 578 612 652
74 413 424 540 541 552 554 569 611
75 463 506 508 550 553 567 629 647 653
76 306 509 537 627 659
77 324 362 364 466 500 544 593 594 601
78 283 293 395 399 409 451 510 557 600 675 676
79 399 447 618 620 677
80 362 364 393 413 422 429 441 474 522 526 539 542 548 581 607 610 622 623 678
81 281 661
82 344 348 360 366 453 455 617
83 252 510 511 513 671
84 360 368 372 381 403 551 622 668 679
85 413 476 488 529 534 625 680 681
86 272 330 342 393 439 482 488 565 581 624 653 678
87 445 447 488 546 677
88 336 346 550 646
89 266 314 381 429 437 536 584 603 626 644 656 663 674 682 683
90 330 354
91 455 463 517 538 680 684
92 336 344 346 383 387 407 445 476 521 561 566 583 591 600 603 639 680
93 340 368 399 598 618 643 667
94 376 652 685 686
95 293 302 346 564
96 550 599 614 632 664 668 684
97 254 342 478 507 509 585 622 656 686 687 688
98 289 356 488 492 605 664 666
99 401 508 649 673 688
100 283 342 422 482 486 637 689
101 383 534 578 591 596
102 259 344 507 521 538 541 581 609 640 645 650 674 676
103 270 350 600 616 664
104 445 463 472 504 517 534 578
105 259 648
106 370 391 470 507 518 670
107 252 362 383 413 531 657
108 417 445 584 597 673
109 441 524 535 576 578 583
110 295 306 360 521 631
111 272 413 555 604 611
112 256 332 356 403 550 578 582 673 679
113 264 287 354 362 385 504 551 658 688 689
114 354 383 498 539 581
115 472 650 679 690
116 277 530 547 588
117 376 540 618 670 691
118 272 295 420 631 651
119 424 492 553 622 636
120 553 566 609 613
121 453 529 574 635 647 680
122 281 332 340 354 411 435 521 522 598 600 628 649 663 664 674 678 685
123 435
124 344 561 668 673 676
125 362 422 531 569 574 624 662
126 381 486 611
127 281 285 346 403 486 523 524 526 596 612 640 670 676 678
128 297 362 576 591 631 651
129 356 515 544 573
130 362 530 533 588 631
131 521 523 524 550 652 669 687 691
132 264 378 399 659 675
133 304 653 664 671
134 293 302 405 577 580 653 690
135 407 511 538 578 652 670 675 691
136 362 482 552 554 590
137 417 445 590 596 638 692
138 336 364 522 531 552 555 586 597 598 600 652 685 691
139 256 510 598 632 638 670
140 277 604 606 608 672
141 266 368 372 385 422 443 490 517 536 560 622 632 640 665 683 689
142 451 476 484 598 638 680 692
143 272 463 519 598 618 620 628 675 685
144 445 600 628 663 669
145 272 291 297 350 376 380 441 518 535 582 583 649
146 439 466 600 619 650
147 360 637 652 673 676
148 380 395 459 619 637 672 676
149 293 468 619 632 692
150 420 523 651 659 682
151 299 318 522 560 596 616 687
152 376 380 484 589 612 669
153 285 411 549 590 686
154 368 399 507 638 690
155 360 417 506 517 598 637 657 672 685
156 409 530 577 588 591 636
157 261 264 270 320 322 328 340 356 372 374 395 397 409 439 468 490 499 512 514 529 560 561 574 588 591 595 597 599 625 630 637 647 649 651 673 689
158 397 534 573 612
159 368 395 405 494 509 513 573 574 614 622 682
160 256 291 297 344 356 358 364 453 537 545 612 649
161 310 358 504 568 654
162 272 285 287 306 312 342 346 381 470 488 512 518 557 568 591 601 619 636 637 643 649 656 658 659 662 672 682 693
163 399 494 544 545 563 564 575 588 630 655 659 687 690
164 420 494 501 515 528 529 630 651 676
165 370 393 660 670
166 270 395 453 514 517 580 642 676
167 480 544 589 647
168 427 494 635 686 687
169 277 310 532 547 549 567 575 582 586 595 604 646
170 264 334 354 358 378 391 502 514 532 570 571 592 627 633
171 318 401 427 531 612 665 689
172 287 330 334 338 348 374 457 463 478 492 502 510 544 559 575 594 610 615 633 647 664
173 275 338 480 528 529 580 635 653
174 397 522 530 533 576
175 352 438 513 588
176 352 628 681
177 372 463 512 529 587 646 650
178 366 476 484 503 639 647 687
179 387 407 609 627 640 694
180 256 326 383 397 490 509 563 653 660
181 320 378 383 522 600 677
182 254 340 342 368 393 545 587 604 608 647 658 671 687 692
183 302 395 451 453 472 596 675 692
184 264 293 393 445 530 631 650 667 690
185 352 492 589 634
186 597
187 270 299 340 385 409 546 658
188 366 482 544 564 574 595 630
189 285 302 395 472 641 680
190 268 293 415 441 494 535 537 558 568 578 615 655 668
191 302 399 468 642 668 690
192 380 602 603 663 664 665
193 385 401 576 577 661 682
194 277 310 459 474 583
195 272 613 616 626 636 638 642 652 680 691
196 525 535 554 582 583
197 330 385 521 605 649 676 693
198 302 590 613 619 658 673 692
199 283 356 383 433 453 510 580 591 626 639 685
200 270 283 330 510 546 590 599 673
201 507 525 542 655
202 268 291 326 344 354 381 383 403 429 478 560 605 610 641 649 665 669 679 684 687 693 695
203 266 314 381 429 437 536 584 603 626 644 656 663 674 682 683
204 293 445 476 638 653 680
205 270 293 381 405 459 468 503 506 546 556 561 590 599 632 643 655 657 658 689
206 352 356 360 472 534 634 636 643 651
207 362 385 397 512 553 557 580
208 283 417 445 453 457 499 514 517 571 572 597 600 619 620 667 672 684 685
209 494 502 527 534 582
210 287 399 507 561 566 568 603 629 688
211 268 318 326 350 380 437 474 537 601 602 614 616 657 687
212 527 625
213 378 523 561 591 596 599 675 676
214 293 391 429 476 488 546 564 573 582 614 674 675 695
215 358 393 499 644 689
216 338 383 500 530 534 552 576 577 582 583 585 588 592 623 682
217 332 372 465 517 527 568
218 259 270 342 391 449 478 599 668 671
219 254 256 268 297 324 342 383 419 427 435 439 466 478 482 520 564 599 600 613 618 619 638 656 673
220 318 427 522 525 538 542 548 628 665
221 289 463 613 659 661
222 358 449 551 625 645 678 683 689
223 291 326 380 419 437 602 661 669
224 320 356 364 422 447 474 523 536 541 577 677 695
225 342 447 451 536 599 632 677
226 283 332 340 478 561 599 613 619 658 672
227 320 443 509 684 686
228 310 503 532 549 566 686
229 383 427 459 490 508 539 551 553 554 566 585 604 606 607 608 637 650 683 686
230 366 372 465 478 556
231 289 360 364 466 498 500 538 539 554 595 604 650
232 322 348 567 587 617 648
233 391 435 441 492 508 521 523 527 538 551 586 596 624 644 657 664
234 443 476 486 507 525 556 564 589 598 618 622 676 678 685 689
235 270 340 387 550 637 649 658 664 666 673 688 689
236 411 417 516 650
237 362 385 401 520 550 686
238 270 302 399 443 447 451 468 478 507 518 564 578 613 619 637 642 649 653 655 656 659 677 691 692
239 507 602 667
240 358 415 461 501 575 594 597 615 653 671
241 598 637 657 659 695
242 372 405 445 451 478 521 564 603 613 644 658 664 695
243 277 417 455 534 551 582 583 622 650
244 275 666 695
245 275 289 304 340 435 445 472 511 560 564 603 618 679
246 299 521 524 674 686
247 304 356 395 501 653 667
248 304 350 433 435 451 517 672
249 259 468 561 564 576 577 582 620 622 629 652 682 690
250 334 502 514 532 570 571 592 627 633
251 328 461 513 528 579
