252	1	253
253	1	597
253	1	598
253	1	599
253	1	600
252	1	254
254	1	601
254	1	602
254	1	603
254	1	604
252	1	255
255	1	605
255	1	606
255	1	607
255	1	608
255	1	609
252	1	256
256	1	610
256	1	611
256	1	612
256	1	613
256	1	614
252	1	257
257	1	615
257	1	616
257	1	617
257	1	618
257	1	619
252	1	258
258	1	620
258	1	621
258	1	622
258	1	623
258	1	624
252	1	259
259	1	625
259	1	626
259	1	627
259	1	628
259	1	629
252	1	260
260	1	630
260	1	631
260	1	600
260	1	632
260	1	633
252	1	261
261	1	634
261	1	635
261	1	636
261	1	637
261	1	638
262	1	263
263	1	639
263	1	640
263	1	641
252	1	264
264	1	642
264	1	643
264	1	644
264	1	645
264	1	646
252	1	265
265	1	647
265	1	648
265	1	649
265	1	650
265	1	651
252	1	266
266	1	652
266	1	653
266	1	654
266	1	655
252	1	267
267	1	656
267	1	657
267	1	658
252	1	268
268	1	659
268	1	660
268	1	661
268	1	662
252	1	269
269	1	647
269	1	663
269	1	664
269	1	665
252	1	270
270	1	666
270	1	667
270	1	668
270	1	669
252	1	271
271	1	670
271	1	671
271	1	672
271	1	673
252	1	272
272	1	674
272	1	675
272	1	676
272	1	677
273	2	655
273	2	667
273	2	662
274	2	612
274	2	611
274	2	608
274	2	619
274	2	625
274	2	638
275	2	625
276	2	258
276	2	268
276	2	623
276	2	666
276	2	604
276	2	631
276	2	662
277	2	613
277	2	597
278	2	272
278	2	262
278	2	673
278	2	639
278	2	677
278	2	601
278	2	606
278	2	651
278	2	660
278	2	634
279	2	265
279	2	269
279	2	271
279	2	272
279	2	640
279	2	673
279	2	676
280	2	267
280	2	626
280	2	656
281	2	265
281	2	269
281	2	649
281	2	676
281	2	648
281	2	663
281	2	665
281	2	650
281	2	664
282	2	264
282	2	258
282	2	608
282	2	619
282	2	625
282	2	642
282	2	605
282	2	606
282	2	623
282	2	643
282	2	655
282	2	662
282	2	666
282	2	616
282	2	668
282	2	658
283	2	261
283	2	601
284	2	253
284	2	260
284	2	263
284	2	266
284	2	599
284	2	630
284	2	633
284	2	641
284	2	597
284	2	627
284	2	673
285	2	255
285	2	256
285	2	257
285	2	264
285	2	602
285	2	605
285	2	606
285	2	616
285	2	624
285	2	643
285	2	660
285	2	668
286	2	271
286	2	266
286	2	675
286	2	676
286	2	607
286	2	608
286	2	622
286	2	667
286	2	677
287	2	266
287	2	255
287	2	256
287	2	257
287	2	264
287	2	270
287	2	667
287	2	677
287	2	602
287	2	606
287	2	616
287	2	624
287	2	643
287	2	660
287	2	668
287	2	639
287	2	672
288	2	268
288	2	255
288	2	256
288	2	257
288	2	264
288	2	607
288	2	608
288	2	622
288	2	606
288	2	616
288	2	624
288	2	643
288	2	660
288	2	668
288	2	634
289	2	256
289	2	257
289	2	264
289	2	268
289	2	266
289	2	606
289	2	643
289	2	655
289	2	662
289	2	667
289	2	677
290	2	267
290	2	602
290	2	605
290	2	606
290	2	616
290	2	624
290	2	660
290	2	668
291	2	255
291	2	256
291	2	257
291	2	264
291	2	606
291	2	616
291	2	643
291	2	660
291	2	668
292	2	654
293	2	253
293	2	260
293	2	257
293	2	600
293	2	653
293	2	599
293	2	633
294	2	262
294	2	639
294	2	677
294	2	656
295	2	260
295	2	268
295	2	656
295	2	612
295	2	640
295	2	617
295	2	611
295	2	638
296	2	256
296	2	261
296	2	264
296	2	255
296	2	257
296	2	601
296	2	643
296	2	660
296	2	602
296	2	605
296	2	606
296	2	616
296	2	624
296	2	668
297	2	255
297	2	256
297	2	257
297	2	264
297	2	606
297	2	616
297	2	643
297	2	660
297	2	668
298	2	634
298	2	638
299	2	260
299	2	263
299	2	253
299	2	599
299	2	630
299	2	641
299	2	597
299	2	633
300	2	257
300	2	255
300	2	256
300	2	601
300	2	604
300	2	606
300	2	651
300	2	664
300	2	655
300	2	662
300	2	605
300	2	616
300	2	643
300	2	660
300	2	668
301	2	612
301	2	638
301	2	625
302	2	657
303	2	260
303	2	656
304	2	255
304	2	256
304	2	257
304	2	264
304	2	270
304	2	602
304	2	606
304	2	616
304	2	624
304	2	643
304	2	660
304	2	668
305	2	262
305	2	260
305	2	263
305	2	253
305	2	639
305	2	677
305	2	630
305	2	641
305	2	599
306	2	604
307	2	253
307	2	260
307	2	263
307	2	600
307	2	598
307	2	599
307	2	630
307	2	641
308	2	271
308	2	261
308	2	272
308	2	601
308	2	673
309	2	253
309	2	260
309	2	597
309	2	599
310	2	601
310	2	648
311	2	256
311	2	257
311	2	255
311	2	606
311	2	660
311	2	602
311	2	605
311	2	616
311	2	624
311	2	643
311	2	668
312	2	259
312	2	266
312	2	626
312	2	667
312	2	677
312	2	644
312	2	655
312	2	662
313	2	676
313	2	672
314	2	265
314	2	269
314	2	648
314	2	649
314	2	663
314	2	665
314	2	676
315	2	272
315	2	255
315	2	256
315	2	257
315	2	264
315	2	270
315	2	657
315	2	602
315	2	606
315	2	616
315	2	624
315	2	643
315	2	660
315	2	668
316	2	656
317	2	259
317	2	637
317	2	677
317	2	608
317	2	619
318	2	259
318	2	264
318	2	266
318	2	606
318	2	642
318	2	655
318	2	662
318	2	667
318	2	677
318	2	604
318	2	656
319	2	255
319	2	256
319	2	257
319	2	264
319	2	673
319	2	602
319	2	605
319	2	606
319	2	616
319	2	624
319	2	643
319	2	660
319	2	668
319	2	658
319	2	599
319	2	601
319	2	672
320	2	253
320	2	260
320	2	263
320	2	599
320	2	630
320	2	641
320	2	656
320	2	597
321	2	266
321	2	667
321	2	677
322	2	268
322	2	255
322	2	604
322	2	606
322	2	616
322	2	668
323	2	265
323	2	269
323	2	262
323	2	674
323	2	648
323	2	663
323	2	665
323	2	676
323	2	649
323	2	639
323	2	677
324	2	265
324	2	269
324	2	272
324	2	648
324	2	649
324	2	663
324	2	665
324	2	676
324	2	673
324	2	647
325	2	271
325	2	615
325	2	676
325	2	656
325	2	607
325	2	608
325	2	622
326	2	255
326	2	256
326	2	257
326	2	261
326	2	264
326	2	606
326	2	616
326	2	643
326	2	660
326	2	668
326	2	604
327	2	255
327	2	256
327	2	257
327	2	264
327	2	270
327	2	607
327	2	608
327	2	622
327	2	602
327	2	606
327	2	616
327	2	624
327	2	643
327	2	660
327	2	668
328	2	253
328	2	260
328	2	263
328	2	262
328	2	599
328	2	630
328	2	641
328	2	597
328	2	633
328	2	639
328	2	677
329	2	268
329	2	255
329	2	256
329	2	270
329	2	602
329	2	605
329	2	606
329	2	616
329	2	624
329	2	643
329	2	660
329	2	668
329	2	659
329	2	661
330	2	659
330	2	661
330	2	613
330	2	660
331	2	266
331	2	255
331	2	256
331	2	257
331	2	264
331	2	270
331	2	667
331	2	677
331	2	602
331	2	606
331	2	616
331	2	624
331	2	643
331	2	660
331	2	668
332	2	604
332	2	606
332	2	627
333	2	266
333	2	268
333	2	264
333	2	667
333	2	677
333	2	662
333	2	642
334	2	268
334	2	255
334	2	256
334	2	264
334	2	606
334	2	616
334	2	643
334	2	660
334	2	668
334	2	657
335	2	252
335	2	608
335	2	625
335	2	672
336	2	656
337	2	264
337	2	655
337	2	662
338	2	256
338	2	264
338	2	606
338	2	655
338	2	662
339	2	255
339	2	256
339	2	264
339	2	604
339	2	606
339	2	616
339	2	643
339	2	660
339	2	668
339	2	657
340	2	612
340	2	611
341	2	608
341	2	619
341	2	625
342	2	255
342	2	256
342	2	257
342	2	260
342	2	601
342	2	606
342	2	651
342	2	658
342	2	616
342	2	643
342	2	660
342	2	668
343	2	664
344	2	597
345	2	261
345	2	269
345	2	271
345	2	272
345	2	670
345	2	673
345	2	599
345	2	606
345	2	658
346	2	256
346	2	257
346	2	264
346	2	268
346	2	607
346	2	606
346	2	643
346	2	655
346	2	662
347	2	656
347	2	676
348	2	269
348	2	272
348	2	675
348	2	673
348	2	601
348	2	606
348	2	651
348	2	658
349	2	642
349	2	601
350	2	656
350	2	613
351	2	266
351	2	646
351	2	667
351	2	677
352	2	255
352	2	256
352	2	257
352	2	264
352	2	268
352	2	655
352	2	667
352	2	606
352	2	616
352	2	643
352	2	662
352	2	668
353	2	253
353	2	260
353	2	263
353	2	639
353	2	672
353	2	599
353	2	630
353	2	641
353	2	656
353	2	600
353	2	597
353	2	633
354	2	261
355	2	255
355	2	272
355	2	262
355	2	602
355	2	605
355	2	606
355	2	616
355	2	624
355	2	643
355	2	660
355	2	668
355	2	673
355	2	637
355	2	677
356	2	260
356	2	263
356	2	597
356	2	633
356	2	599
356	2	630
356	2	641
356	2	600
356	2	653
356	2	608
356	2	625
357	2	255
357	2	256
357	2	257
357	2	264
357	2	606
357	2	616
357	2	643
357	2	660
357	2	668
357	2	602
357	2	605
357	2	624
357	2	608
357	2	625
357	2	597
357	2	600
357	2	653
358	2	625
359	2	266
359	2	667
359	2	677
360	2	266
360	2	256
360	2	264
360	2	604
360	2	667
360	2	677
360	2	602
360	2	605
360	2	606
360	2	616
360	2	624
360	2	643
360	2	660
361	2	267
361	2	260
361	2	656
362	2	253
362	2	260
362	2	263
362	2	261
362	2	262
362	2	266
362	2	599
362	2	630
362	2	641
362	2	656
362	2	667
362	2	677
363	2	266
363	2	656
363	2	667
363	2	677
364	2	263
364	2	260
364	2	656
364	2	630
364	2	641
365	2	253
365	2	260
365	2	263
365	2	599
365	2	630
365	2	641
365	2	597
365	2	640
365	2	656
366	2	256
366	2	257
366	2	264
366	2	607
366	2	608
366	2	622
366	2	655
366	2	662
367	2	265
367	2	269
367	2	648
367	2	663
367	2	665
367	2	676
367	2	607
367	2	608
367	2	622
367	2	605
367	2	649
368	2	255
368	2	256
368	2	257
368	2	264
368	2	268
368	2	606
368	2	616
368	2	643
368	2	651
368	2	660
368	2	668
368	2	607
368	2	634
369	2	259
369	2	255
369	2	625
369	2	628
369	2	606
369	2	660
369	2	668
369	2	601
369	2	651
370	2	266
371	2	657
371	2	612
371	2	610
371	2	638
372	2	268
372	2	646
373	2	657
374	2	261
374	2	601
375	2	601
375	2	650
375	2	651
375	2	664
376	2	255
376	2	257
376	2	264
376	2	616
376	2	643
376	2	668
376	2	639
376	2	645
376	2	604
377	2	268
377	2	655
378	2	256
378	2	264
378	2	606
378	2	655
378	2	662
379	2	272
379	2	673
380	2	255
380	2	256
380	2	257
380	2	264
380	2	602
380	2	605
380	2	606
380	2	616
380	2	624
380	2	643
380	2	660
380	2	668
381	2	253
381	2	260
381	2	263
381	2	599
381	2	601
381	2	630
381	2	641
382	2	264
382	2	655
382	2	662
382	2	626
383	2	261
383	2	603
384	2	268
384	2	255
384	2	256
384	2	264
384	2	615
384	2	616
384	2	643
384	2	660
384	2	668
385	2	266
385	2	667
385	2	677
386	2	264
386	2	645
386	2	642
386	2	644
387	2	265
387	2	269
387	2	271
387	2	648
387	2	665
387	2	676
387	2	613
387	2	656
388	2	253
388	2	260
388	2	263
388	2	262
388	2	267
388	2	599
388	2	639
388	2	677
389	2	262
389	2	639
389	2	677
390	2	268
390	2	612
391	2	612
391	2	640
391	2	610
392	2	268
392	2	255
392	2	256
392	2	257
392	2	263
392	2	264
392	2	270
392	2	662
392	2	608
392	2	602
392	2	606
392	2	616
392	2	624
392	2	643
392	2	660
392	2	668
393	2	261
393	2	601
393	2	627
393	2	651
393	2	664
394	2	268
394	2	662
394	2	633
395	2	601
395	2	627
395	2	650
395	2	651
395	2	664
395	2	656
396	2	646
397	2	262
397	2	639
397	2	677
397	2	613
398	2	267
398	2	658
399	2	255
399	2	256
399	2	257
399	2	264
399	2	272
399	2	606
399	2	616
399	2	643
399	2	660
399	2	668
399	2	673
399	2	657
400	2	606
400	2	655
400	2	662
400	2	601
400	2	656
401	2	657
401	2	646
402	2	255
402	2	256
402	2	257
402	2	264
402	2	606
402	2	625
402	2	602
402	2	616
402	2	624
402	2	643
402	2	660
402	2	668
403	2	252
403	2	261
404	2	264
404	2	255
404	2	256
404	2	257
404	2	606
404	2	615
404	2	655
404	2	662
404	2	616
404	2	643
404	2	660
404	2	668
405	2	255
405	2	256
405	2	257
405	2	264
405	2	655
405	2	662
405	2	606
405	2	616
405	2	643
405	2	660
405	2	668
405	2	642
406	2	255
406	2	256
406	2	257
406	2	264
406	2	266
406	2	607
406	2	608
406	2	622
406	2	660
406	2	602
406	2	606
406	2	616
406	2	643
406	2	668
406	2	634
407	2	255
407	2	256
407	2	257
407	2	264
407	2	660
407	2	606
407	2	616
407	2	643
407	2	668
407	2	639
407	2	672
408	2	262
408	2	253
408	2	260
408	2	263
408	2	639
408	2	677
408	2	597
408	2	633
408	2	672
408	2	599
408	2	630
408	2	641
408	2	656
409	2	265
409	2	269
409	2	271
409	2	262
409	2	648
409	2	663
409	2	665
409	2	676
409	2	674
409	2	649
409	2	639
409	2	677
410	2	268
410	2	647
410	2	657
411	2	255
411	2	256
411	2	257
411	2	264
411	2	606
411	2	616
411	2	643
411	2	660
411	2	668
412	2	260
412	2	263
412	2	253
412	2	630
412	2	641
412	2	614
412	2	633
412	2	670
412	2	599
412	2	656
413	2	266
413	2	610
413	2	612
413	2	667
413	2	677
414	2	253
414	2	260
414	2	263
414	2	597
414	2	599
414	2	600
414	2	630
414	2	641
414	2	653
415	2	626
415	2	657
416	2	255
416	2	256
416	2	257
416	2	264
416	2	606
416	2	616
416	2	624
416	2	643
416	2	660
416	2	668
416	2	656
417	2	255
417	2	256
417	2	257
417	2	264
417	2	655
417	2	662
417	2	606
417	2	616
417	2	643
417	2	660
417	2	668
418	2	256
418	2	257
418	2	264
418	2	268
418	2	266
418	2	608
418	2	619
418	2	625
418	2	606
418	2	643
418	2	655
418	2	662
418	2	652
418	2	667
418	2	677
419	2	264
419	2	669
419	2	606
419	2	643
419	2	655
419	2	662
420	2	253
420	2	260
420	2	263
420	2	633
420	2	599
420	2	630
420	2	641
420	2	656
420	2	600
420	2	653
420	2	632
420	2	670
420	2	672
421	2	253
421	2	260
421	2	263
421	2	599
421	2	630
421	2	641
421	2	656
421	2	613
422	2	261
422	2	255
422	2	256
422	2	257
422	2	264
422	2	268
422	2	601
422	2	606
422	2	616
422	2	643
422	2	660
422	2	668
423	2	257
423	2	264
423	2	261
423	2	634
423	2	638
423	2	607
423	2	608
423	2	622
423	2	642
423	2	662
423	2	601
423	2	613
424	2	255
424	2	256
424	2	257
424	2	264
424	2	655
424	2	667
424	2	606
424	2	616
424	2	643
424	2	660
424	2	668
424	2	601
424	2	651
425	2	253
425	2	260
425	2	622
425	2	633
425	2	656
425	2	597
425	2	599
426	2	601
426	2	606
426	2	651
426	2	658
427	2	268
427	2	255
427	2	256
427	2	257
427	2	261
427	2	264
427	2	602
427	2	606
427	2	660
427	2	668
427	2	616
427	2	643
428	2	606
429	2	255
429	2	256
429	2	257
429	2	606
429	2	616
429	2	643
429	2	660
429	2	668
429	2	675
430	2	255
430	2	256
430	2	257
430	2	606
430	2	616
430	2	643
430	2	660
430	2	668
431	2	261
431	2	264
431	2	255
431	2	268
431	2	601
431	2	606
431	2	643
431	2	616
431	2	660
431	2	668
431	2	604
431	2	662
432	2	262
432	2	253
432	2	260
432	2	263
432	2	633
432	2	639
432	2	677
432	2	599
432	2	641
432	2	630
432	2	656
433	2	260
433	2	263
433	2	633
433	2	599
433	2	630
433	2	641
433	2	656
433	2	600
433	2	653
433	2	639
433	2	672
434	2	257
434	2	264
434	2	266
434	2	601
434	2	606
434	2	642
434	2	651
434	2	655
434	2	662
434	2	667
434	2	677
434	2	603
435	2	264
435	2	604
435	2	646
435	2	652
435	2	613
436	2	253
436	2	260
436	2	263
436	2	673
436	2	597
436	2	599
436	2	600
436	2	630
436	2	641
436	2	653
437	2	255
437	2	602
437	2	605
437	2	606
437	2	616
437	2	624
437	2	643
437	2	660
437	2	668
437	2	613
437	2	640
437	2	620
438	2	255
438	2	256
438	2	257
438	2	264
438	2	606
438	2	616
438	2	643
438	2	645
438	2	660
438	2	668
438	2	655
438	2	662
438	2	637
439	2	265
439	2	269
439	2	648
439	2	649
439	2	663
439	2	665
439	2	676
439	2	647
439	2	650
439	2	651
439	2	664
440	2	255
440	2	256
440	2	257
440	2	264
440	2	602
440	2	606
440	2	616
440	2	624
440	2	643
440	2	660
440	2	668
440	2	655
440	2	662
440	2	605
441	2	656
442	2	264
442	2	255
442	2	257
442	2	268
442	2	604
442	2	655
442	2	662
442	2	606
442	2	616
442	2	624
442	2	660
442	2	668
443	2	267
443	2	260
443	2	263
443	2	253
443	2	599
443	2	630
443	2	641
444	2	255
444	2	256
444	2	257
444	2	264
444	2	606
444	2	616
444	2	643
444	2	660
444	2	668
445	2	256
445	2	264
445	2	268
445	2	626
445	2	602
445	2	605
445	2	606
445	2	616
445	2	624
445	2	643
446	2	255
446	2	256
446	2	266
446	2	270
446	2	272
446	2	602
446	2	605
446	2	606
446	2	616
446	2	624
446	2	643
446	2	660
446	2	668
446	2	667
446	2	677
447	2	655
447	2	662
447	2	669
448	2	261
448	2	266
448	2	601
448	2	667
448	2	677
448	2	627
449	2	253
449	2	260
449	2	263
449	2	599
449	2	630
449	2	641
449	2	633
449	2	656
450	2	255
450	2	256
450	2	257
450	2	264
450	2	266
450	2	601
450	2	606
450	2	616
450	2	643
450	2	660
450	2	667
450	2	668
450	2	677
450	2	634
451	2	614
451	2	634
451	2	638
451	2	611
452	2	651
452	2	614
452	2	639
453	2	268
453	2	601
453	2	606
453	2	651
453	2	669
454	2	268
454	2	643
454	2	607
454	2	608
454	2	622
455	2	255
455	2	256
455	2	257
455	2	264
455	2	601
455	2	602
455	2	605
455	2	606
455	2	616
455	2	624
455	2	643
455	2	656
455	2	660
455	2	668
455	2	662
456	2	255
456	2	256
456	2	264
456	2	643
456	2	606
456	2	616
456	2	660
456	2	662
456	2	668
456	2	620
457	2	255
457	2	256
457	2	257
457	2	264
457	2	270
457	2	602
457	2	606
457	2	616
457	2	624
457	2	643
457	2	660
457	2	668
458	2	264
458	2	255
458	2	256
458	2	257
458	2	643
458	2	655
458	2	662
458	2	602
458	2	606
458	2	616
458	2	624
458	2	660
458	2	668
458	2	642
459	2	255
459	2	256
459	2	257
459	2	264
459	2	270
459	2	611
459	2	604
459	2	651
459	2	608
459	2	619
459	2	625
459	2	602
459	2	606
459	2	616
459	2	624
459	2	643
459	2	660
459	2	668
460	2	597
461	2	255
461	2	256
461	2	257
461	2	264
461	2	268
461	2	606
461	2	616
461	2	643
461	2	660
461	2	668
461	2	655
461	2	667
462	2	656
463	2	607
463	2	608
463	2	622
464	2	268
464	2	646
464	2	652
465	2	265
465	2	269
465	2	648
465	2	663
465	2	665
465	2	676
465	2	664
465	2	650
465	2	649
466	2	261
466	2	664
467	2	601
467	2	597
467	2	670
468	2	261
468	2	601
469	2	261
469	2	601
470	2	255
470	2	256
470	2	257
470	2	264
470	2	657
470	2	602
470	2	606
470	2	616
470	2	624
470	2	643
470	2	655
470	2	660
470	2	668
471	2	260
471	2	263
471	2	253
471	2	599
471	2	630
471	2	641
471	2	633
472	2	266
472	2	667
472	2	677
473	2	266
473	2	655
473	2	662
473	2	601
473	2	651
473	2	664
473	2	667
473	2	677
473	2	604
473	2	608
473	2	625
474	2	612
474	2	610
474	2	627
474	2	629
474	2	613
474	2	634
474	2	638
475	2	255
475	2	256
475	2	257
475	2	264
475	2	266
475	2	268
475	2	606
475	2	616
475	2	643
475	2	660
475	2	667
475	2	668
475	2	677
475	2	672
476	2	255
476	2	256
476	2	257
476	2	264
476	2	270
476	2	606
476	2	658
476	2	627
476	2	602
476	2	616
476	2	624
476	2	643
476	2	660
476	2	668
477	2	261
477	2	656
478	2	253
478	2	260
478	2	263
478	2	599
478	2	630
478	2	641
479	2	255
479	2	256
479	2	257
479	2	264
479	2	269
479	2	272
479	2	606
479	2	616
479	2	643
479	2	660
479	2	668
479	2	673
480	2	256
480	2	264
480	2	602
480	2	605
480	2	606
480	2	616
480	2	624
480	2	643
480	2	660
480	2	668
481	2	255
481	2	264
481	2	607
481	2	608
481	2	622
481	2	615
481	2	602
481	2	605
481	2	606
481	2	624
481	2	655
481	2	662
481	2	669
482	2	271
483	2	612
483	2	652
484	2	264
484	2	257
484	2	645
484	2	646
484	2	652
484	2	637
484	2	643
484	2	655
484	2	662
485	2	601
485	2	656
486	2	262
486	2	255
486	2	639
486	2	677
486	2	613
487	2	255
487	2	256
487	2	257
487	2	264
487	2	271
487	2	606
487	2	616
487	2	643
487	2	660
487	2	668
487	2	613
488	2	253
488	2	260
488	2	263
488	2	599
488	2	630
488	2	641
488	2	656
488	2	612
488	2	629
489	2	267
489	2	264
489	2	608
489	2	619
489	2	625
489	2	606
489	2	643
490	2	260
490	2	253
490	2	263
490	2	597
490	2	600
490	2	633
490	2	653
490	2	599
490	2	630
490	2	641
491	2	252
491	2	261
491	2	656
492	2	253
492	2	260
492	2	257
492	2	630
492	2	641
492	2	633
492	2	600
492	2	653
492	2	599
492	2	601
492	2	651
492	2	664
493	2	255
493	2	256
493	2	257
493	2	264
493	2	662
493	2	602
493	2	605
493	2	606
493	2	616
493	2	624
493	2	643
493	2	660
493	2	668
494	2	604
495	2	264
495	2	655
495	2	662
495	2	606
495	2	643
496	2	601
496	2	656
497	2	259
497	2	255
497	2	256
497	2	257
497	2	264
497	2	625
497	2	628
497	2	602
497	2	606
497	2	616
497	2	624
497	2	643
497	2	660
497	2	668
497	2	657
498	2	253
498	2	260
498	2	263
498	2	262
498	2	599
498	2	630
498	2	641
498	2	639
498	2	677
498	2	597
498	2	633
499	2	255
499	2	256
499	2	257
499	2	264
499	2	270
499	2	602
499	2	606
499	2	616
499	2	624
499	2	643
499	2	660
499	2	668
500	2	266
500	2	255
500	2	256
500	2	257
500	2	264
500	2	608
500	2	619
500	2	625
500	2	607
500	2	622
500	2	667
500	2	677
500	2	606
500	2	616
500	2	643
500	2	660
500	2	668
501	2	255
501	2	256
501	2	257
501	2	264
501	2	602
501	2	605
501	2	606
501	2	616
501	2	624
501	2	643
501	2	651
501	2	658
501	2	660
501	2	668
502	2	266
502	2	257
502	2	264
502	2	255
502	2	256
502	2	655
502	2	667
502	2	677
502	2	606
502	2	642
502	2	662
502	2	601
502	2	651
502	2	658
502	2	616
502	2	643
502	2	660
502	2	668
503	2	266
503	2	271
503	2	667
503	2	677
503	2	676
503	2	650
503	2	664
504	2	639
504	2	672
505	2	256
505	2	264
505	2	603
505	2	604
505	2	633
505	2	655
505	2	662
506	2	255
506	2	268
506	2	606
506	2	616
506	2	668
506	2	662
506	2	604
507	2	266
507	2	255
507	2	256
507	2	257
507	2	270
507	2	268
507	2	634
507	2	667
507	2	677
507	2	602
507	2	643
507	2	660
507	2	668
508	2	259
508	2	266
508	2	626
508	2	667
508	2	677
508	2	625
508	2	628
508	2	627
508	2	629
509	2	260
509	2	263
509	2	265
509	2	269
509	2	271
509	2	600
509	2	653
509	2	597
509	2	633
509	2	599
509	2	630
509	2	641
509	2	649
509	2	676
510	2	255
510	2	256
510	2	257
510	2	264
510	2	607
510	2	622
510	2	606
510	2	616
510	2	643
510	2	660
510	2	662
510	2	668
511	2	257
511	2	264
511	2	255
511	2	256
511	2	642
511	2	655
511	2	601
511	2	606
511	2	651
511	2	658
511	2	602
511	2	605
511	2	616
511	2	624
511	2	643
511	2	660
511	2	668
512	2	253
512	2	260
512	2	263
512	2	600
512	2	606
512	2	653
512	2	658
512	2	599
512	2	630
512	2	641
513	2	613
513	2	673
514	2	253
514	2	260
514	2	263
514	2	262
514	2	672
514	2	599
514	2	630
514	2	641
514	2	656
514	2	639
514	2	677
515	2	620
515	2	604
516	2	655
516	2	662
517	2	266
517	2	613
517	2	627
517	2	667
517	2	677
517	2	656
518	2	255
518	2	266
518	2	602
518	2	605
518	2	606
518	2	616
518	2	624
518	2	643
518	2	660
518	2	668
518	2	667
518	2	677
519	2	262
519	2	639
519	2	677
519	2	601
519	2	656
520	2	261
520	2	266
520	2	597
520	2	667
520	2	677
521	2	253
521	2	260
521	2	263
521	2	262
521	2	599
521	2	630
521	2	641
522	2	255
522	2	256
522	2	264
522	2	270
522	2	602
522	2	605
522	2	606
522	2	616
522	2	624
522	2	660
522	2	643
522	2	668
523	2	268
523	2	255
523	2	655
523	2	662
523	2	606
523	2	616
523	2	643
523	2	660
523	2	668
523	2	604
523	2	608
523	2	625
524	2	256
524	2	264
524	2	606
524	2	655
524	2	662
524	2	604
524	2	651
525	2	266
525	2	255
525	2	256
525	2	257
525	2	264
525	2	667
525	2	677
525	2	606
525	2	616
525	2	643
525	2	660
525	2	668
526	2	260
526	2	263
526	2	253
526	2	255
526	2	256
526	2	257
526	2	261
526	2	264
526	2	271
526	2	272
526	2	600
526	2	639
526	2	653
526	2	672
526	2	599
526	2	630
526	2	641
526	2	602
526	2	605
526	2	606
526	2	624
526	2	660
526	2	673
526	2	633
527	2	262
527	2	255
527	2	677
527	2	605
527	2	606
527	2	658
528	2	261
528	2	601
528	2	607
528	2	608
528	2	622
528	2	638
529	2	252
529	2	261
530	2	259
530	2	626
531	2	640
531	2	616
532	2	266
532	2	268
532	2	657
532	2	667
532	2	677
533	2	606
534	2	265
534	2	269
534	2	271
534	2	648
534	2	649
534	2	663
534	2	665
534	2	676
534	2	664
534	2	675
535	2	253
535	2	260
535	2	263
535	2	633
535	2	599
535	2	630
535	2	641
536	2	259
536	2	625
536	2	655
536	2	662
537	2	265
537	2	269
537	2	271
537	2	272
537	2	261
537	2	262
537	2	266
537	2	648
537	2	663
537	2	665
537	2	676
537	2	674
537	2	667
537	2	677
538	2	272
538	2	614
538	2	639
538	2	677
539	2	272
539	2	259
539	2	625
539	2	628
540	2	256
540	2	257
540	2	264
540	2	268
540	2	606
540	2	616
540	2	643
540	2	655
540	2	662
541	2	267
541	2	253
541	2	260
541	2	263
541	2	597
541	2	599
541	2	600
541	2	630
541	2	641
541	2	653
542	2	266
542	2	268
542	2	662
542	2	667
542	2	677
543	2	265
543	2	269
543	2	271
543	2	272
543	2	631
543	2	639
543	2	672
543	2	673
543	2	676
544	2	263
544	2	260
544	2	262
544	2	630
544	2	641
544	2	656
544	2	599
544	2	639
544	2	677
544	2	597
544	2	633
545	2	256
545	2	264
545	2	255
545	2	257
545	2	655
545	2	662
545	2	602
545	2	606
545	2	616
545	2	660
545	2	638
545	2	613
546	2	265
546	2	271
546	2	674
546	2	648
546	2	663
546	2	665
546	2	676
547	2	272
547	2	662
547	2	673
548	2	256
548	2	264
548	2	606
548	2	616
548	2	643
548	2	660
548	2	662
549	2	258
549	2	255
549	2	268
549	2	605
549	2	623
549	2	666
549	2	655
549	2	667
549	2	606
549	2	616
549	2	668
549	2	609
550	2	268
550	2	597
551	2	254
551	2	601
551	2	651
551	2	602
551	2	605
551	2	606
551	2	624
551	2	603
551	2	604
552	2	253
552	2	260
552	2	267
552	2	599
552	2	598
552	2	597
552	2	630
552	2	641
553	2	255
553	2	256
553	2	257
553	2	264
553	2	602
553	2	605
553	2	606
553	2	624
553	2	643
553	2	616
553	2	651
553	2	658
553	2	660
553	2	668
553	2	607
553	2	608
553	2	622
553	2	619
553	2	625
553	2	609
554	2	610
554	2	611
554	2	612
554	2	613
554	2	614
555	2	255
555	2	256
555	2	257
555	2	264
555	2	615
555	2	606
555	2	616
555	2	643
555	2	660
555	2	668
555	2	617
555	2	618
555	2	608
555	2	619
555	2	625
556	2	258
556	2	255
556	2	620
556	2	621
556	2	607
556	2	608
556	2	622
556	2	623
556	2	666
556	2	602
556	2	605
556	2	606
556	2	624
556	2	643
556	2	660
556	2	668
557	2	259
557	2	608
557	2	619
557	2	625
557	2	626
557	2	627
557	2	629
557	2	628
558	2	260
558	2	263
558	2	599
558	2	630
558	2	641
558	2	631
558	2	672
558	2	600
558	2	653
558	2	632
558	2	633
559	2	634
559	2	635
559	2	636
559	2	637
559	2	638
560	2	262
560	2	260
560	2	263
560	2	639
560	2	677
560	2	630
560	2	641
560	2	672
560	2	640
560	2	599
561	2	264
561	2	255
561	2	256
561	2	642
561	2	605
561	2	606
561	2	616
561	2	624
561	2	643
561	2	660
561	2	668
561	2	644
561	2	645
561	2	646
561	2	652
562	2	265
562	2	269
562	2	647
562	2	648
562	2	663
562	2	665
562	2	676
562	2	649
562	2	650
562	2	664
562	2	601
562	2	606
562	2	651
563	2	266
563	2	264
563	2	667
563	2	677
563	2	646
563	2	652
563	2	600
563	2	653
563	2	654
563	2	655
563	2	662
564	2	267
564	2	656
564	2	657
564	2	606
564	2	658
565	2	268
565	2	255
565	2	256
565	2	257
565	2	264
565	2	659
565	2	661
565	2	606
565	2	616
565	2	624
565	2	643
565	2	660
565	2	668
565	2	655
565	2	662
566	2	265
566	2	269
566	2	272
566	2	647
566	2	648
566	2	649
566	2	663
566	2	676
566	2	665
566	2	650
566	2	651
566	2	664
567	2	270
567	2	258
567	2	266
567	2	255
567	2	256
567	2	257
567	2	264
567	2	623
567	2	666
567	2	655
567	2	667
567	2	677
567	2	606
567	2	616
567	2	624
567	2	643
567	2	660
567	2	668
567	2	669
568	2	271
568	2	272
568	2	675
568	2	670
568	2	671
568	2	631
568	2	639
568	2	672
568	2	673
569	2	269
569	2	272
569	2	271
569	2	265
569	2	261
569	2	262
569	2	266
569	2	673
569	2	674
569	2	675
569	2	648
569	2	649
569	2	663
569	2	665
569	2	676
569	2	667
569	2	677
