0 300 331 358 364 405 481 570
1 282 288 297 354 370 383 406 413 510 517 540 545 556
2 273 280 306 335 364 387 410 429 444 496 501 550 571 572
3 275 277 319 331 336 337 340 345 349 351 359 395 396 410 438 483 489 506 559 573 574
4 300 373 394 410 472 497 505 518 553 570
5 296 297 326 329 348 404 427 456 500 567
6 273 329 330 331 333 377 430 458 476 480 501 502 572
7 279 311 322 324 332 333 342 376 382 405 410 418 459 470 473 476 507 522 523 524 525 532 549 555 562 565 574 575
8 375 381 398 436 465 486 576
9 281 377 397 424 447 469 495
10 297 312 370 392 545 561
11 273 277 282 288 289 297 300 306 326 329 334 337 339 342 346 348 349 360 367 368 369 370 373 375 379 390 424 430 435 446 451 453 456 459 461 487 499 500 502 507 515 523 526 531 532 536 540 543 549 553 556 567
12 329 334 337 339 357 410 416 423 458 485 566
13 294 348 354 375 417 493 526
14 336 495 505 508 527
15 288 300 364 552
16 275 276 287 293 297 300 308 322 327 329 330 337 338 346 348 352 353 360 367 405 412 417 419 425 431 434 435 440 442 447 448 451 454 456 461 465 471 473 481 490 493 495 500 506 507 512 515 518 522 523 535 537 539 540 548 549 553 555 560 567 575 577
17 281 317 335 362 392 527 531
18 280 313 319 473 542 573 578
19 336 374 413 430 431 525
20 313 333 515 520
21 293 310 321 335 358 363 370 377 409 501 505 527 577 579
22 318 337 395 398 456
23 305 351 365 412 421 438 490 563
24 329 404 440 532 548 565 580
25 282 336 339 394 435 453 505 577
26 375 438 550 555 570
27 276 327 338 355 360 372 413 422 438 470 484 513 548
28 306 416 479 486 546
29 391 397 424 486 493 523 538 561 581
30 278 280 291 415 435 473 497 501 528 531 539 540 548 574
31 428 463 465 528 554
32 282 301 339 370 434 550 576
33 395 409 475 569
34 285 315 339 370 373 382 391 412 413 417 451 468 470 485 490 503 508 510 513 520 532 570 575 578
35 315 340 441 505 509 528 579
36 580
37 273 298 308 340 344 358 384 432 475 555
38 347 582
39 282 331 352 360 361 385 411 437 453 484 503 522 527 536 573 576 583 584
40 342 373 376 391 405 406 424 427 442 454 475 476 484 493 502 506 510 511 524 525 540 549 561 565 567
41 383 395 466 522 526 564 576 579
42 275 289 295 344 347 349 383 411 420 425 451 471 483 505 512 530 552 582 585
43 277 368 417 428 469 517 569
44 337 341 445 472
45 297 324 337 418 435 453 465 501
46 274 370 401 420 514
47 391 399 491 522
48 278 305 377 569 571
49 329 334 357 373 383 446 480 547 553 562 584
50 300 318 446 469 507 579 580
51 274 317 340 368 455 474 495 559
52 286 290 318 355 365 375 389 466 469 478 482 496 508 517 519 568 577 586
53 275 315 321 358 448 499 535 572 579
54 402 415 500 549 580
55 277 342 382 390 416 417 450 495 562
56 326 346 473 476 481 580
57 304 411 434 450 524 545
58 274 290 324 341 360 361 397 402 426 443 466 503 507
59 289 341 372 384 386 438 480 487
60 379 445 529 585
61 273 292 294 298 333 356 381 388 420 444 449 471 484 539 544 559 572 573 584
62 292 325 335 351 361 369 385 386 415 423 437 444 450 455 467 475 504 539 543 557 559 561 585 587
63 279 383 482 562
64 301 332 333 422 431 442 461 481 484 497 511 532 540
65 414 438 514 588
66 303 496 538 541
67 288 352 370 450 494 504 550 570 575
68 273 360 382 483 494 497 500 507
69 320 336 343 433 443 488 552
70 393 436 489 531 573
71 398 451 468 507 547
72 291 322 346 459 474 482 533 543 551
73 298 390 399 427 499 542 586
74 311 430 454 476 480 539 549 561
75 273 278 382 392 466 501 529 547 565
76 325 387 402 502 528
77 342 373 376 419 507 508 527 533 556
78 299 314 350 414 418 426 443 471 519 558 571
79 305 365 400 426 516
80 319 330 372 373 376 380 413 422 431 440 454 458 461 470 475 489 510 540 578
81 298 304
82 318 358 362 371 377 521 523
83 277 280 345 494 571
84 283 371 372 389 396 403 467 573 575
85 307 394 454 457 513 541 557 567
86 294 355 380 413 424 461 484 547 551 557 584 588
87 400 514 516 557 562
88 351 361 511 565
89 291 332 378 385 393 403 404 449 464 482 491 515 537 546 578
90 366 584
91 307 333 336 523 529 534
92 307 340 344 351 358 361 406 408 416 436 441 447 471 487 514 537 541
93 305 353 389 411 425 426 587
94 323 399 498 581
95 281 314 361 586
96 356 428 467 490 520 534 565
97 279 323 355 360 372 387 452 477 482 496 543
98 308 356 368 544 557 560 564
99 273 420 429 433 477
100 299 309 355 475 509 551 555
101 390 406 416 535 567
102 287 327 333 340 341 358 384 393 430 437 461 496 558
103 293 310 356 363 471
104 336 354 390 514 529 538 567
105 287 585
106 303 349 391 496 536 572
107 277 286 373 406 454 497
108 412 433 472 514 515
109 334 359 390 427 487 510
110 315 325 340 371 554
111 294 442 454 532 539
112 283 284 289 347 368 390 433 565 573
113 290 306 309 354 366 373 407 477 478 575
114 366 405 406 458 461
115 283 341 462 538
116 296 322 357 553
117 303 305 460 480 581
118 274 294 315 474 554
119 285 372 382 476 564
120 327 374 382 447
121 307 367 394 466 468 521
122 298 340 347 353 356 366 380 393 415 420 425 445 449 471 488 489 498
123 488
124 358 433 436 467 558
125 367 373 386 475 484 497 561
126 403 539 555
127 298 302 303 319 359 361 380 384 535 542 555 558 573 574
128 274 316 334 373 416 554
129 275 368 451 507
130 329 357 373 553 554
131 340 359 399 452 460 504 565 574
132 290 350 401 402 426
133 321 356 494 547
134 314 369 446 462 547 579 586
135 280 303 333 350 390 399 441 460
136 311 373 549 551 566
137 328 432 472 514 535 566
138 311 346 351 376 399 412 425 460 471 489 497 498 532
139 284 303 425 428 432 571
140 276 296 320 442 548
141 291 309 336 372 378 381 384 388 389 396 404 407 428 475 512 563
142 307 328 425 432 519 541 552
143 294 305 350 365 415 425 498 529 559
144 415 449 471 504 514
145 289 294 313 316 349 363 420 427 487 510 581 589
146 341 421 471 533 588
147 371 399 433 509 558
148 320 414 421 509 525 558 589
149 314 328 421 428 590
150 274 402 464 474 574
151 310 317 335 381 452 489 535
152 423 504 542 552 581 589
153 302 323 445 459 566
154 389 426 432 462 496
155 286 320 336 371 425 472 498 501 509
156 285 357 416 443 446 553
157 274 282 288 290 293 309 338 339 353 357 367 368 381 394 395 396 398 412 414 416 417 420 433 434 436 443 444 463 466 490 509 513 563 576 588 590
158 417 451 542 567
159 345 367 372 387 389 414 451 464 520 569 579
160 284 313 316 358 368 370 376 420 502 521 524 542
161 312 326 354 370 455
162 285 294 302 306 312 320 325 331 349 355 361 386 402 403 411 416 418 419 420 421 439 444 464 478 482 509 536 557
163 281 357 397 402 426 452 462 463 499 507 524 568 569
164 274 275 394 463 474 505 517 558 569
165 303 391 413 450
166 293 336 369 395 414 521 558 583
167 423 466 507 550
168 323 452 468 479 569
169 289 296 322 326 346 392 434 442 456 459 499 511
170 290 301 348 366 370 379 395 401 453 456 493 528 545 572
171 309 335 388 429 479 497 542
172 301 306 348 352 356 362 375 398 409 440 466 499 507 508 529 543 545 564 571 577 584
173 295 352 369 394 468 505 547 550
174 329 334 417 489 553
175 345 357 364 500
176 364 415 457
177 341 394 396 444 485 511 529
178 344 377 383 452 466 541 552
179 327 384 408 441 528 591
180 284 343 387 397 406 417 450 547 563
181 338 400 401 406 471 489
182 276 279 328 353 355 389 413 442 452 466 478 485 494 524
183 328 350 414 519 521 535 538 586
184 290 314 341 413 462 514 553 554 587
185 364 423 503 564
186 412
187 293 317 353 407 443 478 562
188 281 367 377 434 463 507 551
189 302 307 414 538 582 586
190 292 312 314 390 409 427 465 467 469 502 510 568 569
191 426 462 467 583 586 590
192 356 388 448 449 537 589
193 304 334 407 429 446 464
194 296 326 487 525 540
195 285 294 307 310 374 399 432 460 546 583
196 289 427 438 487 549
197 340 407 420 439 558 560 584
198 328 374 421 433 478 566 586
199 299 344 368 369 406 416 486 498 521 546 571
200 293 299 433 490 562 566 571 584
201 330 438 496 568
202 283 292 313 343 358 366 381 388 403 406 420 439 440 452 492 504 534 543 560 573 578 582
203 291 332 378 385 393 403 404 449 464 482 491 515 537 546 578
204 307 314 432 514 541 547
205 286 293 309 314 324 383 403 411 428 436 478 490 501 525 562 566 568 579 590
206 274 285 364 368 371 411 503 538 567
207 369 373 382 407 417 418 444
208 282 299 320 336 365 379 395 412 421 435 471 472 498 514 521 534 577 587
209 289 483 545 567 569
210 278 306 312 426 436 447 477 496 537
211 286 292 310 335 343 363 419 448 452 491 502 520 540 589
212 483 513
213 350 401 416 436 490 535 558 574
214 281 289 314 350 393 451 492 520 541 557 562 572 578
215 282 309 370 385 413
216 289 311 334 352 357 360 406 422 446 464 487 493 553 556 567
217 312 336 347 396 483 530
218 287 293 355 467 490 494 518 543 572
219 279 281 284 292 305 316 342 355 374 406 421 432 433 471 473 479 482 488 490 506 533 543 551 588
220 330 333 335 388 415 438 470 479 489
221 304 308 374 402 529
222 309 370 378 380 437 513 518 575
223 304 313 343 448 473 491 504 589
224 338 368 376 400 404 430 446 475 492 516 540 574
225 355 400 404 428 490 516 519
226 299 320 347 353 374 421 436 478 490 543
227 323 338 387 512 534
228 323 326 383 447 456 459
229 273 276 323 341 360 378 382 406 431 442 447 458 479 509 525 548 549 563 575
230 324 377 396 530 543
231 308 333 341 371 376 405 434 442 458 533 549 556
232 318 339 362 392 485 585
233 273 286 333 340 346 356 385 483 484 488 510 535 564 572 574 575
234 281 305 309 324 372 380 423 425 438 496 498 512 541 555 558
235 293 309 353 356 408 420 433 477 478 509 544 565
236 337 341 445 472
237 323 373 407 429 506 565
238 281 293 328 349 374 390 400 402 420 421 426 460 482 496 509 512 516 519 543 547 568 583 586 590
239 448 496 587
240 370 409 412 469 494 499 508 517 526 547
241 286 402 425 492 509
242 281 340 356 374 385 396 478 492 514 519 537 543 579
243 289 296 341 372 472 487 523 567 575
244 295 492 544
245 280 281 283 295 305 308 321 353 381 488 514 537 538
246 317 323 340 359 393
247 321 368 414 517 547 587
248 320 321 336 363 486 488 519
249 278 281 287 289 334 365 372 399 436 446 462 464 590
250 301 348 379 395 453 456 493 528 545
251 345 505 526 531 576
